0.01 0.0
0.03 0.0
0.05 0.0
0.06999999999999999 0.0
0.09 0.0
0.11 0.0
0.13 0.0
0.15000000000000002 0.0
0.17 0.0
0.19 0.0
0.21000000000000002 0.0
0.23 0.0
0.25 0.0
0.27 0.0
0.29000000000000004 0.0
0.31 0.0
0.33 0.0
0.35000000000000003 0.0
0.37 0.0
0.39 0.0
0.41000000000000003 0.0
0.43 0.0
0.45 0.0
0.47000000000000003 0.0
0.49 0.0
0.51 0.0
0.53 0.0
0.55 0.0
0.5700000000000001 0.0
0.59 0.0
0.61 0.0
0.63 0.0
0.65 0.0
0.67 0.0
0.6900000000000001 0.0
0.7100000000000001 0.0
0.73 0.0
0.75 0.0
0.77 0.0
0.79 0.0
0.81 0.0
0.8300000000000001 0.0
0.85 0.0
0.87 0.0
0.89 0.0
0.91 0.0
0.93 0.0
0.9500000000000001 0.0
0.97 0.0
0.99 0.0
1.01 0.0
1.03 0.0
1.05 0.0
1.07 0.0
1.09 0.0
1.11 0.0
1.1300000000000001 0.0
1.1500000000000001 0.0
1.17 0.0
1.19 0.0
1.21 0.0
1.23 0.0
1.25 0.0
1.27 0.0
1.29 0.0
1.31 0.0
1.33 0.0
1.35 0.0
1.37 0.0
1.3900000000000001 0.0
1.4100000000000001 0.0
1.43 0.0
1.45 0.0
1.47 0.0
1.49 0.0
1.51 0.0
1.53 0.0
1.55 0.0
1.57 0.0
1.59 0.0
1.61 0.0
1.6300000000000001 0.0
1.6500000000000001 0.0
1.6700000000000002 0.0
1.69 0.0
1.71 0.0
1.73 0.0
1.75 0.0
1.77 4.117510428134149e-09
1.79 1.5046207826967257e-08
1.81 5.190362466910129e-08
1.83 1.5572435593074287e-07
1.85 4.5796454045424536e-07
1.87 1.3082823602971995e-06
1.8900000000000001 3.4297739097910126e-06
1.9100000000000001 8.41791201660476e-06
1.93 1.943145736904358e-05
1.95 4.258281586743874e-05
1.97 8.915461149621051e-05
1.99 0.00017910025258452813
2.01 0.0003466762699123522
2.03 0.0006483294200492679
2.05 0.0011745889480773417
2.07 0.002066328778952826
2.09 0.0035338256578063163
2.11 0.005882911310643723
2.13 0.009541183629026721
2.15 0.015086844211660892
2.17 0.023272272430797082
2.19 0.03503918114954149
2.21 0.051517944911857454
2.23 0.0740036549286098
2.25 0.10390645887645196
2.27 0.14266944406695314
2.29 0.1916591691917088
2.31 0.25203175864387156
2.3299999999999996 0.32459042153240497
2.3499999999999996 0.4096445044307061
2.3699999999999997 0.5068956065205625
2.3899999999999997 0.615359264007302
2.4099999999999997 0.7333462362438904
2.4299999999999997 0.8585024714382932
2.4499999999999997 0.9879145913301831
2.4699999999999998 1.1182685467638374
2.4899999999999998 1.246048504050216
2.51 1.367752744985831
2.53 1.480108275981041
2.55 1.580260570988762
2.57 1.665924653222443
2.59 1.7354829629269513
2.61 1.7880316522170872
2.63 1.8233729369147622
2.65 1.8419615996143306
2.67 1.844816715970659
2.69 1.8334088535192292
2.71 1.8095351301771878
2.73 1.7751925099536645
2.75 1.7324584508343328
2.77 1.6833860547045312
2.79 1.6299186130710988
2.81 1.5738263041709832
2.8299999999999996 1.5166646076067833
2.8499999999999996 1.459754310692186
2.8699999999999997 1.4041771377527388
2.8899999999999997 1.3507862241053732
2.9099999999999997 1.3002252624827748
2.9299999999999997 1.252950444601773
2.9499999999999997 1.2092564790958114
2.9699999999999998 1.1692999782351945
2.9899999999999998 1.133122486522077
3.01 1.1006730030755332
3.03 1.0718275780743376
3.05 1.046409631323
3.07 1.024207210260692
3.09 1.0049911721711597
3.11 0.9885274947992293
3.13 0.9745889049058958
3.15 0.9629605242355308
3.17 0.9534447875096526
3.19 0.9458611198735706
3.21 0.9400483154307846
3.23 0.9358621774149615
3.25 0.9331785380510689
3.27 0.9318921921251234
3.29 0.9319188518405839
3.31 0.9331930536433257
3.33 0.9356670542410116
3.3499999999999996 0.9393050248961886
3.3699999999999997 0.9440780300660421
3.3899999999999997 0.9499580005921244
3.4099999999999997 0.9569145908020342
3.4299999999999997 0.9649115477481315
3.4499999999999997 0.9739090061017812
3.4699999999999998 0.9838668158871514
3.4899999999999998 0.9947488393759918
3.51 1.0065279527018725
3.53 1.0191883525871572
3.55 1.0327258246790567
3.57 1.047144054457596
3.59 1.062447489348804
3.61 1.078630814623764
3.63 1.0956675514718401
3.65 1.1134971072798439
3.67 1.132014743818251
3.69 1.1510637187898265
3.71 1.1704322696385927
3.73 1.1898558685960485
3.75 1.2090247128141338
3.77 1.2275950684164352
3.79 1.2452033362262693
3.81 1.2614831159533058
3.83 1.276078640666101
3.8499999999999996 1.2886610684300095
3.8699999999999997 1.298939935049762
3.8899999999999997 1.3066729444818794
3.9099999999999997 1.311672578060625
3.9299999999999997 1.3138130743812757
3.9499999999999997 1.3130326748366616
3.9699999999999998 1.309336403633513
3.9899999999999998 1.3027958295097781
4.01 1.2935486043629214
4.03 1.2817950324181464
4.05 1.2677923869942334
4.07 1.2518442150791864
4.09 1.2342881942177826
4.109999999999999 1.2154777079523709
4.13 1.1957630266473582
4.1499999999999995 1.1754702655696705
4.17 1.1548831067297007
4.1899999999999995 1.134227237044444
4.21 1.1136622212374272
4.2299999999999995 1.0932807226961954
4.25 1.0731128880256435
4.27 1.0531369569714675
4.29 1.0332934974342427
4.31 1.0135002190763835
4.33 0.9936656730051201
4.35 0.9737021128502165
4.37 0.9535352822902469
4.39 0.9331121830079745
4.41 0.9124077441969459
4.43 0.8914304692684363
4.45 0.8702257806124326
4.47 0.848878672172578
4.49 0.8275123569999481
4.51 0.8062849637109261
4.53 0.7853809841585243
4.55 0.7650001940078721
4.57 0.7453448582740417
4.59 0.72660668795207
4.61 0.7089558293776889
4.63 0.6925323624790963
4.6499999999999995 0.6774445381292888
4.67 0.6637687664543876
4.6899999999999995 0.6515549496415748
4.71 0.6408325101624177
4.7299999999999995 0.6316164818725447
4.75 0.6239109886493952
4.77 0.6177113940975065
4.79 0.6130028418574934
4.81 0.6097574763373297
4.83 0.6079303732284775
4.85 0.6074580883270806
4.87 0.6082581552062384
4.89 0.6102330038125859
4.91 0.6132750454760434
4.93 0.6172760799384597
4.95 0.6221363604445539
4.97 0.6277737224828841
4.99 0.6341312083353543
5.01 0.641182018762089
5.03 0.6489298806184398
5.05 0.6574067138654006
5.07 0.666667447102154
5.09 0.676780242483499
5.11 0.6878178792021661
5.13 0.6998475204415796
5.1499999999999995 0.7129215478991304
5.17 0.727071512845567
5.1899999999999995 0.7423037312053294
5.21 0.7585983055089082
5.2299999999999995 0.775910464673838
5.25 0.79417329521697
5.27 0.8133035419275089
5.29 0.8332056588734937
5.31 0.8537769091774103
5.33 0.8749095955439353
5.35 0.8964926582356915
5.37 0.9184110555339706
5.39 0.9405416273281183
5.41 0.9627499101793322
5.43 0.9848849372429489
5.45 1.0067767304797726
5.47 1.0282341284844698
5.49 1.0490465310752548
5.51 1.0689888109600678
5.53 1.087828813048061
5.55 1.1053373122405499
5.57 1.1212986335599993
5.59 1.1355212671303918
5.61 1.147847325807373
5.63 1.1581606509606892
5.6499999999999995 1.1663919625535957
5.67 1.1725215957234139
5.6899999999999995 1.1765814874359868
5.71 1.1786539608744113
5.7299999999999995 1.1788689833895074
5.75 1.17740017025748
5.77 1.1744575650558158
5.79 1.1702788004401274
5.81 1.1651176531152334
5.83 1.1592314350719444
5.85 1.1528671269555346
5.87 1.1462486632099922
5.89 1.1395667408917305
5.91 1.1329732847880778
5.93 1.1265781903460437
5.95 1.1204524579443726
5.97 1.1146336566028212
5.99 1.1091320102934283
6.01 1.1039392570437525
6.03 1.0990342836004239
6.05 1.0943885128253514
6.07 1.089970206108268
6.09 1.0857466154669309
6.11 1.0816874272082107
6.13 1.0777672406275776
6.15 1.073970322335461
6.17 1.0702935065903962
6.1899999999999995 1.066750205820956
6.21 1.0633739783083276
6.2299999999999995 1.0602190955475275
6.25 1.0573606801359643
6.27 1.054891812594055
6.29 1.052920530223555
6.31 1.0515637079637805
6.33 1.0509404871588708
6.35 1.0511656486236947
6.37 1.0523426443783792
6.39 1.0545571898412325
6.41 1.057871488611592
6.43 1.0623191004792367
6.45 1.0679017524303611
6.47 1.074584700961232
6.49 1.0822956416432874
6.51 1.0909212237765191
6.53 1.1003067831444266
6.55 1.1102561338708878
6.57 1.120533569767673
6.59 1.1308699764312002
6.61 1.140971087876755
6.63 1.1505298744326322
6.65 1.1592413031970057
6.67 1.166819121188478
6.6899999999999995 1.1730120255088696
6.71 1.1776179913673133
6.7299999999999995 1.180494978071037
6.75 1.1815672731226619
6.77 1.1808264039394563
6.79 1.1783270913326838
6.81 1.1741797588072782
6.83 1.1685389819697949
6.85 1.1615926769427896
6.87 1.1535487521686958
6.89 1.144625289235126
6.91 1.1350411102354765
6.93 1.1250096339270463
6.95 1.1147332110659052
6.97 1.1043993540500754
6.99 1.0941776555233025
7.01 1.084216249465142
7.03 1.0746383339086916
7.05 1.0655404644275426
7.07 1.056990103916787
7.09 1.0490258734035085
7.11 1.0416588561617215
7.13 1.0348767102706384
7.15 1.028648133106831
7.17 1.0229286031389517
7.1899999999999995 1.017666689849431
7.21 1.0128094212817091
7.2299999999999995 1.008308232831724
7.25 1.0041230213156866
7.27 1.0002257805468147
7.29 0.9966032031789024
7.31 0.9932566608371732
7.33 0.9902009217977807
7.35 0.9874615750262521
7.37 0.9850699037752289
7.39 0.9830581089464219
7.41 0.981453512779871
7.43 0.9802741210128569
7.45 0.9795254689262912
7.47 0.9791989763847413
7.49 0.979271673300873
7.51 0.9797074591286573
7.53 0.980458869299439
7.55 0.9814695359905107
7.57 0.9826764207413723
7.59 0.9840118042640359
7.61 0.9854054457002592
7.63 0.9867852834358728
7.65 0.9880789543914337
7.67 0.9892135746324707
7.6899999999999995 0.990116546841259
7.71 0.9907148723744318
7.7299999999999995 0.9909360108405377
7.75 0.9907079402006513
7.77 0.9899610119725114
7.79 0.9886301522391793
7.81 0.9866583299034943
7.83 0.9840009085702035
7.85 0.9806302808611969
7.87 0.9765400376150315
7.89 0.9717488350286034
7.91 0.96630179575258
7.93 0.9602702853682098
7.95 0.9537494281520116
7.97 0.946854242502575
7.99 0.9397143860450652
8.01 0.9324686621710854
8.03 0.9252608709006991
8.05 0.9182357932132894
8.07 0.9115371295652666
8.09 0.9053059947601374
8.11 0.8996804437147893
8.13 0.894793842639318
8.15 0.8907731853103127
8.17 0.8877348842376439
8.19 0.8857808810472048
8.209999999999999 0.884991976029825
8.23 0.8854224263179955
8.25 0.8870938893225301
8.27 0.889991369128736
8.29 0.8940612752270176
8.31 0.8992115733616893
8.33 0.9053145229618474
8.35 0.912212252120395
8.37 0.9197241295906567
8.39 0.9276562334395997
8.41 0.9358112576734482
8.43 0.9439985916572642
8.45 0.9520442842929153
8.47 0.9597975856386904
8.49 0.9671367361855021
8.51 0.9739705111014947
8.53 0.9802375394987104
8.55 0.9859036149250084
8.57 0.9909574689410321
8.59 0.9954061003224864
8.61 0.9992711007186478
8.63 1.0025851666935943
8.65 1.0053905868689283
8.67 1.007737858122767
8.69 1.0096851064818844
8.71 1.0112980174176067
8.73 1.0126488499501007
8.75 1.013815348233259
8.77 1.0148790501869236
8.79 1.0159227671828184
8.81 1.0170279135071965
8.83 1.0182716425172775
8.85 1.019723784388716
8.87 1.0214445519390953
8.89 1.023482289344454
8.91 1.0258724980003833
8.93 1.0286369811940659
8.95 1.0317836506004223
8.97 1.0353070365296468
8.99 1.039188191095522
9.01 1.0433953943482468
9.03 1.047884533784137
9.05 1.0525997773918068
9.07 1.057474197639708
9.09 1.0624308852202893
9.11 1.0673800376026528
9.13 1.0722275031225903
9.15 1.076871691095559
9.17 1.0812045933323193
9.19 1.08511184394978
9.21 1.0884711114316357
9.23 1.09114788608433
9.25 1.0929886363338952
9.27 1.0938131132252131
9.29 1.0934069710615608
9.31 1.0915178291445933
9.33 1.0878600838357015
9.35 1.0821305183867977
9.37 1.0740374603207679
9.39 1.0633434290427428
9.41 1.0499142755154118
9.43 1.0337671334442968
9.45 1.0151068459156372
9.47 0.9943385074995157
9.49 0.9720508840032418
9.51 0.9489687180208618
9.53 0.9258803584404061
9.55 0.903553888997179
9.57 0.8826561429952852
9.59 0.8636904942531256
9.61 0.8469624218586324
9.63 0.8325769336092079
9.65 0.8204638746573798
9.67 0.8104220476688132
9.69 0.8021714374519292
9.71 0.7954030483058042
9.73 0.789818168987241
9.75 0.7851547717739543
9.77 0.7812001204815588
9.79 0.777792679154556
9.81 0.7748170759388658
9.83 0.7721959366171631
9.85 0.7698813820584868
9.87 0.7678469710221334
9.89 0.7660820443686494
9.91 0.7645869892848142
9.93 0.7633712712672481
9.95 0.7624438836305439
9.97 0.7618169636758133
9.99 0.7615006145096205
