0.01 0.0
0.03 0.0
0.05 0.0
0.06999999999999999 0.0
0.09 0.0
0.11 0.0
0.13 0.0
0.15000000000000002 0.0
0.17 0.0
0.19 0.0
0.21000000000000002 0.0
0.23 0.0
0.25 0.0
0.27 0.0
0.29000000000000004 0.0
0.31 0.0
0.33 0.0
0.35000000000000003 0.0
0.37 0.0
0.39 0.0
0.41000000000000003 0.0
0.43 0.0
0.45 0.0
0.47000000000000003 0.0
0.49 0.0
0.51 0.0
0.53 0.0
0.55 0.0
0.5700000000000001 0.0
0.59 0.0
0.61 0.0
0.63 0.0
0.65 0.0
0.67 0.0
0.6900000000000001 0.0
0.7100000000000001 0.0
0.73 0.0
0.75 0.0
0.77 0.0
0.79 0.0
0.81 0.0
0.8300000000000001 0.0
0.85 0.0
0.87 0.0
0.89 0.0
0.91 0.0
0.93 0.0
0.9500000000000001 0.0
0.97 0.0
0.99 0.0
1.01 0.0
1.03 0.0
1.05 0.0
1.07 0.0
1.09 0.0
1.11 0.0
1.1300000000000001 0.0
1.1500000000000001 0.0
1.17 0.0
1.19 0.0
1.21 0.0
1.23 0.0
1.25 0.0
1.27 0.0
1.29 0.0
1.31 0.0
1.33 0.0
1.35 0.0
1.37 0.0
1.3900000000000001 0.0
1.4100000000000001 0.0
1.43 0.0
1.45 0.0
1.47 0.0
1.49 0.0
1.51 0.0
1.53 0.0
1.55 0.0
1.57 0.0
1.59 0.0
1.61 0.0
1.6300000000000001 0.0
1.6500000000000001 0.0
1.6700000000000002 0.0
1.69 0.0
1.71 0.0
1.73 0.0
1.75 0.0
1.77 0.0
1.79 0.0
1.81 0.0
1.83 3.88726468061864e-08
1.85 2.8526903165704276e-07
1.87 9.58938340688096e-07
1.8900000000000001 2.9278086271477905e-06
1.9100000000000001 8.018879598839429e-06
1.93 1.964014938224567e-05
1.95 4.49401605841682e-05
1.97 9.698931027925376e-05
1.99 0.00019856752524033842
2.01 0.0003899798451791905
2.03 0.0007369877000503217
2.05 0.0013454094118615556
2.07 0.0023778723152414875
2.09 0.00407801018688282
2.11 0.006796000998936849
2.13 0.011017665921722293
2.15 0.017390334744278705
2.17 0.02674559763243443
2.19 0.04010644902522654
2.21 0.05867594593748288
2.23 0.08380180266529272
2.25 0.11690839026909583
2.27 0.15940121585007086
2.29 0.21254197761250532
2.31 0.27731197015074527
2.3299999999999996 0.3542686747267352
2.3499999999999996 0.4434195769592808
2.3699999999999997 0.544128589888872
2.3899999999999997 0.6550718457121942
2.4099999999999997 0.7742530863422864
2.4299999999999997 0.8990822969135603
2.4499999999999997 1.0265099084140004
2.4699999999999998 1.1532079156225647
2.4899999999999998 1.2757757726722028
2.51 1.3909501043179888
2.53 1.4957989893579404
2.55 1.587877933878046
2.57 1.6653454564861165
2.59 1.7270208249631496
2.61 1.7723922229264004
2.63 1.8015797458148683
2.65 1.8152616864238795
2.67 1.8145762437079174
2.69 1.801011555728175
2.71 1.7762923078824726
2.73 1.742272963874375
2.75 1.7008459459534802
2.77 1.6538617635766624
2.79 1.6030685156678068
2.81 1.5500658635106577
2.8299999999999996 1.496273680901694
2.8499999999999996 1.4429121781474734
2.8699999999999997 1.3909903606718668
2.8899999999999997 1.341305852160092
2.9099999999999997 1.294448351628398
2.9299999999999997 1.2508119204864647
2.9499999999999997 1.2106135221814232
2.9699999999999998 1.1739171318569188
2.9899999999999998 1.140660286167157
3.01 1.1106866674360105
3.03 1.0837792112484277
3.05 1.059690927314274
3.07 1.038172867878104
3.09 1.0189955705685982
3.11 1.001964477277024
3.13 0.9869210657708659
3.15 0.973743788108558
3.17 0.9623402546092735
3.19 0.9526397099580292
3.21 0.944583337270665
3.23 0.9381191091951511
3.25 0.933197352709176
3.27 0.9297709368720638
3.29 0.9277932132340213
3.31 0.9272183160803673
3.33 0.9280038422534429
3.3499999999999996 0.9301127056963745
3.3699999999999997 0.9335163133088784
3.3899999999999997 0.9381949180842712
3.4099999999999997 0.9441396029354966
3.4299999999999997 0.9513515109199228
3.4499999999999997 0.9598355692431162
3.4699999999999998 0.9695923225207365
3.4899999999999998 0.9806107119100294
3.51 0.9928598593034792
3.53 1.0062866315994023
3.55 1.0208143499043616
3.57 1.0363480392100186
3.59 1.0527859159012158
3.61 1.0700260935878914
3.63 1.0879737833209397
3.65 1.1065417193810811
3.67 1.1256453817075125
3.69 1.1451887615423464
3.71 1.1650479456673393
3.73 1.1850530900929475
3.75 1.2049724507886508
3.77 1.224502019157258
3.79 1.243265240029908
3.81 1.2608244951210028
3.83 1.2767034197311928
3.8499999999999996 1.2904190604374768
3.8699999999999997 1.3015190980417544
3.8899999999999997 1.3096230995371343
3.9099999999999997 1.3144551946759249
3.9299999999999997 1.3158707637982403
3.9499999999999997 1.3138701027934947
3.9699999999999998 1.3085931825307047
3.9899999999999998 1.300301739179891
4.01 1.289348586014223
4.03 1.2761410062400205
4.05 1.2611001684649943
4.07 1.2446279097111115
4.09 1.2270782466145174
4.109999999999999 1.2087427135413047
4.13 1.1898441650279832
4.1499999999999995 1.170539082837014
4.17 1.150926776324278
4.1899999999999995 1.1310630314412606
4.21 1.1109713659501337
4.2299999999999995 1.0906575531076195
4.25 1.070119665980306
4.27 1.04935851662469
4.29 1.028385776733616
4.31 1.0072278250583204
4.33 0.9859286719439556
4.35 0.9645500214100252
4.37 0.9431699927928839
4.39 0.9218765918191391
4.41 0.9007621952602547
4.43 0.8799201040553956
4.45 0.8594394435323043
4.47 0.8394040015414391
4.49 0.819892233278951
4.51 0.8009801526108321
4.53 0.7827420557920446
4.55 0.7652541350234323
4.57 0.7485943248235153
4.59 0.7328407751529684
4.61 0.7180694459861171
4.63 0.7043488204679018
4.6499999999999995 0.691735624748906
4.67 0.6802694789187611
4.6899999999999995 0.6699723436745703
4.71 0.6608472269961104
4.7299999999999995 0.6528823794596776
4.75 0.6460569499752573
4.77 0.640348337462986
4.79 0.6357406524775181
4.81 0.6322297563319725
4.83 0.629824573486726
4.85 0.62854458015384
4.87 0.628413808320559
4.89 0.629452441718586
4.91 0.6316695680328258
4.93 0.6350569657109627
4.95 0.639586878274585
4.97 0.6452129769732976
4.99 0.6518736415172685
5.01 0.6594975974513033
5.03 0.6680095136371352
5.05 0.6773331220469327
5.07 0.687395480677542
5.09 0.6981308555615833
5.11 0.7094831472780477
5.13 0.7214097784041003
5.1499999999999995 0.7338857713448854
5.17 0.746904389368831
5.1899999999999995 0.7604786747258538
5.21 0.7746383225870018
5.2299999999999995 0.789422985904561
5.25 0.8048735993656947
5.27 0.8210236808693804
5.29 0.8378897874968488
5.31 0.8554649227914293
5.33 0.8737144901386781
5.35 0.8925762226995284
5.37 0.9119600698980928
5.39 0.9317521552578882
5.41 0.951816493335337
5.43 0.9719967930484904
5.45 0.9921186743929812
5.47 1.0119901818641552
5.49 1.03140563483891
5.51 1.0501486886493934
5.53 1.0679995808648397
5.55 1.0847427572231287
5.57 1.1001754514181616
5.59 1.1141166121914452
5.61 1.1264137609634282
5.63 1.136948845646615
5.6499999999999995 1.1456434358600764
5.67 1.152461677632674
5.6899999999999995 1.1574113380981488
5.71 1.1605422593288581
5.7299999999999995 1.1619457787714065
5.75 1.161749102268254
5.77 1.1601109471816355
5.79 1.1572137438407355
5.81 1.153256708154149
5.83 1.148448713401169
5.85 1.1430018488703775
5.87 1.137127855568018
5.89 1.1310306550292055
5.91 1.1249012219057524
5.93 1.1189117459527982
5.95 1.1132069919975354
5.97 1.1078969862127077
5.99 1.1030521369940842
6.01 1.0986978663074678
6.03 1.094816738407923
6.05 1.0913552266246107
6.07 1.0882325026875908
6.09 1.0853524997137842
6.11 1.0826194458452145
6.13 1.0799513431873842
6.15 1.0772895290333022
6.17 1.0746070381384045
6.1899999999999995 1.0719127179982149
6.21 1.0692503400274074
6.2299999999999995 1.0666946031157822
6.25 1.0643444380331897
6.27 1.0623144406379539
6.29 1.0607256003451624
6.31 1.0596950285873472
6.33 1.0593295356385102
6.35 1.0597190038867894
6.37 1.0609347678879164
6.39 1.0630281736070426
6.41 1.0660315294922937
6.43 1.0699581284606525
6.45 1.074801545310503
6.47 1.0805310533177315
6.49 1.0870874237857624
6.51 1.0943774761014071
6.53 1.1022705627740723
6.55 1.1105981444357111
6.57 1.1191588119568596
6.59 1.1277272024154292
6.61 1.1360674843020673
6.63 1.143947645142004
6.65 1.1511511135076236
6.67 1.1574867158271234
6.6899999999999995 1.1627917654626152
6.71 1.1669347215429526
6.7299999999999995 1.1698124839849304
6.75 1.1713478483092914
6.77 1.1714895163118273
6.79 1.1702122556718224
6.81 1.1675197944957527
6.83 1.1634480422880198
6.85 1.158067659294417
6.87 1.1514843363957326
6.89 1.1438386672155585
6.91 1.1353018409495848
6.93 1.1260692491910627
6.95 1.116353253915189
6.97 1.1063741777811973
6.99 1.0963491549896491
7.01 1.0864813055180147
7.03 1.0769495608781607
7.05 1.0678988481732776
7.07 1.0594339093649152
7.09 1.0516150520552139
7.11 1.0444608050354802
7.13 1.0379519749286665
7.15 1.0320401459073292
7.17 1.026658024568365
7.1899999999999995 1.0217288461580083
7.21 1.0171768951210034
7.2299999999999995 1.0129338695404075
7.25 1.0089451157123213
7.27 1.0051734580407496
7.29 1.0016022228454413
7.31 0.9982350506893614
7.33 0.9950944225100926
7.35 0.9922189173595112
7.37 0.9896563358050756
7.39 0.9874569629141271
7.41 0.9856644109958513
7.43 0.9843080307441276
7.45 0.9833966013063593
7.47 0.9829149704323212
7.49 0.9828251540949817
7.51 0.983070141833371
7.53 0.9835796120410366
7.55 0.9842778547976114
7.57 0.9850893167492909
7.59 0.9859431899253739
7.61 0.9867746094836483
7.63 0.9875238512788721
7.65 0.9881346748691812
7.67 0.9885499466237272
7.6899999999999995 0.988711214533812
7.71 0.988558367292211
7.7299999999999995 0.9880320912046473
7.75 0.9870781950024465
7.77 0.9856520606835345
7.79 0.9837240010060139
7.81 0.981281766418153
7.83 0.9783302996015183
7.85 0.9748886353459367
7.87 0.9709866834110569
7.89 0.9666594749553348
7.91 0.96194467415252
7.93 0.9568809309096837
7.95 0.9515110306759365
7.97 0.9458843378865558
7.99 0.9400631929738217
8.01 0.9341257270012769
8.03 0.9281676936275289
8.05 0.9223012095346945
8.07 0.9166494078094893
8.09 0.9113396337802478
8.11 0.9064962124120517
8.13 0.9022339494492151
8.15 0.8986531186521762
8.17 0.8958356711828235
8.19 0.893844945005608
8.209999999999999 0.8927252994229515
8.23 0.8925030097930838
8.25 0.8931867478009217
8.27 0.894768962773723
8.29 0.8972266322893904
8.31 0.9005205915769062
8.33 0.9045971107150576
8.35 0.9093889120840893
8.37 0.9148158425267238
8.39 0.9207875902195186
8.41 0.9272056413120243
8.43 0.9339666335542538
8.45 0.9409644091561512
8.47 0.9480931166972848
8.49 0.9552501715837993
8.51 0.9623372698992556
8.53 0.9692621869926427
8.55 0.9759406355681285
8.57 0.982296558677401
8.59 0.988264745116602
8.61 0.9937909654091303
8.63 0.9988344594494902
8.65 1.003369631630585
8.67 1.0073869734591616
8.69 1.0108939432551103
8.71 1.013914894456272
8.73 1.0164911159020007
8.75 1.0186787244373507
8.77 1.0205468480180298
8.79 1.0221761436610541
8.81 1.0236541291847518
8.83 1.0250715820322835
8.85 1.0265174003980486
8.87 1.0280739701701225
8.89 1.0298130152983367
8.91 1.0317919657674721
8.93 1.0340529434831243
8.95 1.0366229100845863
8.97 1.0395149751642756
8.99 1.0427303118956717
9.01 1.0462584621173956
9.03 1.050076641525019
9.05 1.0541480742311704
9.07 1.0584192304003308
9.09 1.0628178391897178
9.11 1.0672498277514821
9.13 1.0716087459608938
9.15 1.0757765129934818
9.17 1.0796292012357134
9.19 1.083043790567766
9.21 1.085899239066118
9.23 1.0880738921775972
9.25 1.0894384117569882
9.27 1.0898451179228323
9.29 1.0891159194285729
9.31 1.0870343259933033
9.33 1.0833462543222072
9.35 1.0777723875376464
9.37 1.07003536241099
9.39 1.05990001959369
9.41 1.0472210522196295
9.43 1.0319901446300863
9.45 1.0143712236446254
9.47 0.994714706218004
9.49 0.9735429332574026
9.51 0.951508011794336
9.53 0.9293266310636983
9.55 0.9077034907670655
9.57 0.8872598621393126
9.59 0.868476409498711
9.61 0.8516624313694386
9.63 0.8369528977451809
9.65 0.8243286922319776
9.67 0.8136527829926619
9.69 0.8047121549012471
9.71 0.797258064815205
9.73 0.7910392438545929
9.75 0.7858237570152296
9.77 0.7814131035150745
9.79 0.7776475786830064
9.81 0.774405845877476
9.83 0.7716018519031878
9.85 0.7691784743666747
9.87 0.7671004310000341
9.89 0.7653469813362428
9.91 0.7639057103030787
9.93 0.7627692841644446
9.95 0.7619272203222981
9.97 0.7613713969504127
9.99 0.76109555710632
