0.01 0.0
0.03 0.0
0.05 0.0
0.06999999999999999 0.0
0.09 0.0
0.11 0.0
0.13 0.0
0.15000000000000002 0.0
0.17 0.0
0.19 0.0
0.21000000000000002 0.0
0.23 0.0
0.25 0.0
0.27 0.0
0.29000000000000004 0.0
0.31 0.0
0.33 0.0
0.35000000000000003 0.0
0.37 0.0
0.39 0.0
0.41000000000000003 0.0
0.43 0.0
0.45 0.0
0.47000000000000003 0.0
0.49 0.0
0.51 0.0
0.53 0.0
0.55 0.0
0.5700000000000001 0.0
0.59 0.0
0.61 0.0
0.63 0.0
0.65 0.0
0.67 0.0
0.6900000000000001 0.0
0.7100000000000001 0.0
0.73 0.0
0.75 0.0
0.77 0.0
0.79 0.0
0.81 0.0
0.8300000000000001 0.0
0.85 0.0
0.87 0.0
0.89 0.0
0.91 0.0
0.93 0.0
0.9500000000000001 0.0
0.97 0.0
0.99 0.0
1.01 0.0
1.03 0.0
1.05 0.0
1.07 0.0
1.09 0.0
1.11 0.0
1.1300000000000001 0.0
1.1500000000000001 0.0
1.17 0.0
1.19 0.0
1.21 0.0
1.23 0.0
1.25 0.0
1.27 0.0
1.29 0.0
1.31 0.0
1.33 0.0
1.35 0.0
1.37 0.0
1.3900000000000001 0.0
1.4100000000000001 0.0
1.43 0.0
1.45 0.0
1.47 0.0
1.49 0.0
1.51 0.0
1.53 0.0
1.55 0.0
1.57 0.0
1.59 0.0
1.61 0.0
1.6300000000000001 0.0
1.6500000000000001 0.0
1.6700000000000002 0.0
1.69 0.0
1.71 0.0
1.73 0.0
1.75 0.0
1.77 0.0
1.79 8.085297366790645e-09
1.81 4.3441617971922476e-08
1.83 1.614891455245283e-07
1.85 5.136152498980887e-07
1.87 1.393148792924798e-06
1.8900000000000001 3.58902677901582e-06
1.9100000000000001 8.768326833405771e-06
1.93 2.0129898901408762e-05
1.95 4.381754341309486e-05
1.97 9.123409397264947e-05
1.99 0.00018216287077383296
2.01 0.0003507388321339246
2.03 0.0006528784385952779
2.05 0.0011782639581019425
2.07 0.0020652328932251212
2.09 0.0035208250849171245
2.11 0.005845336079736106
2.13 0.009458494185084213
2.15 0.014927489324773634
2.17 0.022990352433957084
2.19 0.03457164862657286
2.21 0.05078272085231753
2.23 0.07290054139927092
2.25 0.10232000657463178
2.27 0.14047820420844762
2.29 0.18874653548168857
2.31 0.2483034722536828
2.3299999999999996 0.3199943924328813
2.3499999999999996 0.40419003529343217
2.3699999999999997 0.5006684925325384
2.3899999999999997 0.6085308729178986
2.4099999999999997 0.7261683173194758
2.4299999999999997 0.8512915013331106
2.4499999999999997 0.9810209419396068
2.4699999999999998 1.1120369667451762
2.4899999999999998 1.2407754070057095
2.51 1.3636462974488746
2.53 1.4772608575449293
2.55 1.578636160560421
2.57 1.665364589625881
2.59 1.7357296618220692
2.61 1.7887621290314124
2.63 1.8242381758512043
2.65 1.8426244337124154
2.67 1.8449826541864276
2.69 1.832849227489966
2.71 1.8081010953116345
2.73 1.772822211416495
2.75 1.7291803727166708
2.77 1.6793195257417053
2.79 1.6252710122356446
2.81 1.5688862376888177
2.8299999999999996 1.5117892278869487
2.8499999999999996 1.455348110646072
2.8699999999999997 1.4006652450214516
2.8899999999999997 1.3485829236894509
2.9099999999999997 1.2997016222696072
2.9299999999999997 1.2544083846745364
2.9499999999999997 1.2129111570011548
2.9699999999999998 1.1752749842709445
2.9899999999999998 1.1414570612516908
3.01 1.1113361081637048
3.03 1.0847382021834722
3.05 1.0614537300832727
3.07 1.041250548579865
3.09 1.0238821943074812
3.11 1.0090964577687034
3.13 0.996640079766481
3.15 0.9862649345749427
3.17 0.9777378793174835
3.19 0.9708442130486759
3.21 0.9653949651708951
3.23 0.9612294582163821
3.25 0.9582146811086305
3.27 0.9562437644411179
3.29 0.9552316451237663
3.31 0.9551103124272908
3.33 0.9558275033020909
3.3499999999999996 0.9573438735457351
3.3699999999999997 0.9596363241481662
3.3899999999999997 0.9627004856443442
3.4099999999999997 0.9665551739247321
3.4299999999999997 0.9712464633206956
3.4499999999999997 0.9768466322200474
3.4699999999999998 0.9834528190668158
3.4899999999999998 0.9911779211556943
3.51 1.0001401115650501
3.53 1.0104483667163506
3.55 1.022187850253631
3.57 1.035405300851763
3.59 1.0500962016402073
3.61 1.0661986402518973
3.63 1.083589287201834
3.65 1.1020851798140479
3.67 1.12145048236207
3.69 1.1414037281163554
3.71 1.1616291653171673
3.73 1.1817859337504308
3.75 1.201517822489052
3.77 1.2204629999602723
3.79 1.2382609616984424
3.81 1.2545605923974317
3.83 1.2690285393101686
3.8499999999999996 1.2813573794474777
3.8699999999999997 1.2912765191503062
3.8899999999999997 1.298562419195077
3.9099999999999997 1.303048667197844
3.9299999999999997 1.304635488194378
3.9499999999999997 1.3032950584453424
3.9699999999999998 1.2990742180577939
3.9899999999999998 1.292092394442453
4.01 1.282534593235788
4.03 1.2706407841184533
4.05 1.256692946880759
4.07 1.240999391727057
4.09 1.2238802538782647
4.109999999999999 1.2056518940877141
4.13 1.186614638758221
4.1499999999999995 1.1670420305653075
4.17 1.1471725595574962
4.1899999999999995 1.1272033570381637
4.21 1.1072853989315676
4.2299999999999995 1.087520839112175
4.25 1.067961538335486
4.27 1.0486104434428392
4.29 1.0294238617343572
4.31 1.0103193802154897
4.33 0.9911847892339765
4.35 0.9718935901887968
4.37 0.9523215795176768
4.39 0.9323659490371191
4.41 0.9119643375345761
4.43 0.8911087692590695
4.45 0.8698551004769817
4.47 0.8483243885806768
4.49 0.8266955425877486
4.51 0.8051918961944433
4.53 0.7840614309865155
4.55 0.7635574113042493
4.57 0.7439172849533854
4.59 0.725347143666813
4.61 0.708012140136099
4.63 0.6920328399393171
4.6499999999999995 0.677487023814918
4.67 0.6644160361062645
4.6899999999999995 0.6528330312273691
4.71 0.6427312250905729
4.7299999999999995 0.6340904488828417
4.75 0.6268823499412689
4.77 0.6210728739425748
4.79 0.6166239518646748
4.81 0.6134929283014114
4.83 0.6116341036618226
4.85 0.6109989148751327
4.87 0.611536832016517
4.89 0.613197242256607
4.91 0.6159302419961982
4.93 0.6196878822228055
4.95 0.6244245765886964
4.97 0.6300970817191347
4.99 0.6366641421701787
5.01 0.6440879534735504
5.03 0.6523349051939774
5.05 0.661377526805206
5.07 0.6711961786025251
5.09 0.6817823149856858
5.11 0.693139340129068
5.13 0.7052840539345787
5.1499999999999995 0.7182443543589276
5.17 0.7320563497831563
5.1899999999999995 0.7467587337725456
5.21 0.7623854407164492
5.2299999999999995 0.7789585054168173
5.25 0.7964804909145325
5.27 0.8149298014454419
5.29 0.8342564031799039
5.31 0.8543809419100379
5.33 0.875195504671986
5.35 0.8965657812260799
5.37 0.9183350345168224
5.39 0.9403276644179958
5.41 0.9623534585179644
5.43 0.9842123094831539
5.45 1.005698275758418
5.47 1.0266044618989913
5.49 1.04672756116271
5.51 1.065872900005221
5.53 1.083858341590738
5.55 1.1005183613652467
5.57 1.115706544600521
5.59 1.1292981189426687
5.61 1.1411912280299905
5.63 1.1513093701363708
5.6499999999999995 1.1596028696770773
5.67 1.16605132361111
5.6899999999999995 1.1706668040109585
5.71 1.1734968137089217
5.7299999999999995 1.1746257520648322
5.75 1.1741754238246394
5.77 1.1723018230683555
5.79 1.169190855070855
5.81 1.1650495951901672
5.83 1.1600971904101915
5.85 1.1545542678266134
5.87 1.1486327327635026
5.89 1.1425261847316988
5.91 1.136401538719537
5.93 1.1303934989875832
5.95 1.1245992585325673
5.97 1.1190771553092906
5.99 1.1138460778745256
6.01 1.1088894718423297
6.03 1.10416202462025
6.05 1.0995986198856111
6.07 1.0951266263460633
6.09 1.090677707524879
6.11 1.086200668789585
6.13 1.0816701022024826
6.15 1.0770923542849087
6.17 1.0725076579110406
6.1899999999999995 1.0679868801570447
6.21 1.0636275152459884
6.2299999999999995 1.059545387248752
6.25 1.055867230289866
6.27 1.0527246763710234
6.29 1.0502476156917124
6.31 1.0485600420081795
6.33 1.0477766411209135
6.35 1.04799945329726
6.37 1.0493148099910392
6.39 1.051788383065038
6.41 1.0554611674435437
6.43 1.060342851886096
6.45 1.066406905349032
6.47 1.0735864919672122
6.49 1.081770955413417
6.51 1.0908060438209721
6.53 1.1004958629751511
6.55 1.110609189062779
6.57 1.1208869039833924
6.59 1.131052566088458
6.61 1.1408229977259612
6.63 1.1499203423950675
6.65 1.1580821772229002
6.67 1.1650723024969913
6.6899999999999995 1.1706899551942862
6.71 1.1747776890872283
6.7299999999999995 1.1772274799144924
6.75 1.1779851241899642
6.77 1.1770523184687547
6.79 1.1744854796524198
6.81 1.1703919116859396
6.83 1.1649223878474118
6.85 1.158261829046133
6.87 1.1506180209728398
6.89 1.1422096449956494
6.91 1.1332544825545685
6.93 1.1239584742624391
6.95 1.1145076337124038
6.97 1.1050613677595407
6.99 1.0957489901952275
7.01 1.0866692558286186
7.03 1.0778916775065004
7.05 1.0694604118477355
7.07 1.0613989780501212
7.09 1.0537155333736041
7.11 1.0464086003760336
7.13 1.0394712919590015
7.15 1.0328948791654844
7.17 1.0266711543029592
7.1899999999999995 1.0207938490750024
7.21 1.015259114136905
7.2299999999999995 1.0100654970140361
7.25 1.005214927004037
7.27 1.0007118129665145
7.29 0.9965630861548158
7.31 0.9927782689149873
7.33 0.9893689205594353
7.35 0.986348102562137
7.37 0.9837289524880942
7.39 0.9815238559553461
7.41 0.9797432868972249
7.43 0.9783947063514451
7.45 0.9774821830668408
7.47 0.9770060885159191
7.49 0.976962688570851
7.51 0.9773427725701735
7.53 0.9781302432707701
7.55 0.97929979903313
7.57 0.9808131877950281
7.59 0.9826164466799099
7.61 0.9846373048517449
7.63 0.9867840318847163
7.65 0.9889469410340047
7.67 0.9910017445682574
7.6899999999999995 0.9928160577441859
7.71 0.9942562550506571
7.7299999999999995 0.9951961543786046
7.75 0.9955239686027613
7.77 0.9951484604855472
7.79 0.9940032083143852
7.81 0.9920486385000248
7.83 0.9892712583186498
7.85 0.9856827572440174
7.87 0.9813173574623296
7.89 0.9762291502486096
7.91 0.9704893753635501
7.93 0.9641845706514399
7.95 0.9574143864434341
7.97 0.9502900225747636
7.99 0.9429334037710758
8.01 0.9354748949606629
8.03 0.9280517777871496
8.05 0.9208057517080113
8.07 0.9138801922012939
8.09 0.9074171512036784
8.11 0.9015540941845723
8.13 0.8964207878183306
8.15 0.8921360803192063
8.17 0.888804787114447
8.19 0.8865153735810407
8.209999999999999 0.8853364595305169
8.23 0.8853138791335678
8.25 0.8864679004693865
8.27 0.8887901467944587
8.29 0.8922415906694733
8.31 0.8967520886558568
8.33 0.9022212949072457
8.35 0.9085217125253051
8.37 0.9155033080571651
8.39 0.9230006526042027
8.41 0.9308403306830709
8.43 0.9388488558001911
8.45 0.9468607599937258
8.47 0.9547249557724297
8.49 0.9623104293353599
8.51 0.9695091314458241
8.53 0.9762382181386914
8.55 0.9824393904309251
8.57 0.9880771789086061
8.59 0.9931365459540686
8.61 0.9976189980043059
8.63 1.0015396265660794
8.65 1.004925078899816
8.67 1.0078111560047496
8.69 1.0102426035653262
8.71 1.0122732217817114
8.73 1.013965824477717
8.75 1.01539212915126
8.77 1.0166322473356835
8.79 1.01777256412324
8.81 1.018902703829022
8.83 1.0201123080149128
8.85 1.0214866172998232
8.87 1.0231023152482206
8.89 1.0250231719117044
8.91 1.0272978134424462
8.93 1.0299566927059285
8.95 1.0330113185231045
8.97 1.0364544844257961
8.99 1.040261810034405
9.01 1.0443938642007364
9.03 1.0487990355070307
9.05 1.0534160046103132
9.07 1.058176175309973
9.09 1.0630052395353864
9.11 1.0678202170802034
9.13 1.072536091711758
9.15 1.0770614969545242
9.17 1.0812976613229182
9.19 1.0851372430411261
9.21 1.0884612826773794
9.23 1.0911337795967815
9.25 1.09299562343277
9.27 1.0938560397520523
9.29 1.093486366737678
9.31 1.091617332233904
9.33 1.0879451286350896
9.35 1.082149243670762
9.37 1.0739241111209126
9.39 1.0630233301008234
9.41 1.0493100908770094
9.43 1.032806402029993
9.45 1.0137289364406699
9.47 0.9925006678339025
9.49 0.9697325577169268
9.51 0.946173928829033
9.53 0.9226383986566329
9.55 0.8999182672245966
9.57 0.8787025101970263
9.59 0.8595126586747699
9.61 0.842667882569075
9.63 0.8282810258316626
9.65 0.8162826662889647
9.67 0.8064650821402486
9.69 0.7985338854127481
9.71 0.7921591734809798
9.73 0.7870164288806705
9.75 0.7828159213090412
9.77 0.7793181324973706
9.79 0.7763385405683617
9.81 0.7737444709798239
9.83 0.7714478739533672
9.85 0.7693967258967279
9.87 0.767566182681295
9.89 0.7659512616576937
9.91 0.7645606348095775
9.93 0.7634130586259704
9.95 0.7625271732728112
9.97 0.7619228364505581
9.99 0.7616163202649093
