0.01 0.0
0.03 0.0
0.05 0.0
0.06999999999999999 0.0
0.09 0.0
0.11 0.0
0.13 0.0
0.15000000000000002 0.0
0.17 0.0
0.19 0.0
0.21000000000000002 0.0
0.23 0.0
0.25 0.0
0.27 0.0
0.29000000000000004 0.0
0.31 0.0
0.33 0.0
0.35000000000000003 0.0
0.37 0.0
0.39 0.0
0.41000000000000003 0.0
0.43 0.0
0.45 0.0
0.47000000000000003 0.0
0.49 0.0
0.51 0.0
0.53 0.0
0.55 0.0
0.5700000000000001 0.0
0.59 0.0
0.61 0.0
0.63 0.0
0.65 0.0
0.67 0.0
0.6900000000000001 0.0
0.7100000000000001 0.0
0.73 0.0
0.75 0.0
0.77 0.0
0.79 0.0
0.81 0.0
0.8300000000000001 0.0
0.85 0.0
0.87 0.0
0.89 0.0
0.91 0.0
0.93 0.0
0.9500000000000001 0.0
0.97 0.0
0.99 0.0
1.01 0.0
1.03 0.0
1.05 0.0
1.07 0.0
1.09 0.0
1.11 0.0
1.1300000000000001 0.0
1.1500000000000001 0.0
1.17 0.0
1.19 0.0
1.21 0.0
1.23 0.0
1.25 0.0
1.27 0.0
1.29 0.0
1.31 0.0
1.33 0.0
1.35 0.0
1.37 0.0
1.3900000000000001 0.0
1.4100000000000001 0.0
1.43 0.0
1.45 0.0
1.47 0.0
1.49 0.0
1.51 0.0
1.53 0.0
1.55 0.0
1.57 0.0
1.59 0.0
1.61 0.0
1.6300000000000001 0.0
1.6500000000000001 0.0
1.6700000000000002 0.0
1.69 0.0
1.71 0.0
1.73 0.0
1.75 0.0
1.77 0.0
1.79 0.0
1.81 0.0
1.83 0.0
1.85 0.0
1.87 0.0
1.8900000000000001 0.0
1.9100000000000001 0.0
1.93 0.0
1.95 0.0
1.97 0.0
1.99 0.0
2.01 0.0
2.03 0.0
2.05 0.0
2.07 0.0
2.09 0.0
2.11 0.0
2.13 0.0
2.15 0.0
2.17 0.0
2.19 0.0
2.21 0.0
2.23 0.0
2.25 0.0
2.27 0.0
2.29 0.0
2.31 0.0
2.3299999999999996 0.0
2.3499999999999996 0.0
2.3699999999999997 0.0
2.3899999999999997 0.0
2.4099999999999997 0.0
2.4299999999999997 0.0
2.4499999999999997 0.0
2.4699999999999998 0.0
2.4899999999999998 0.0
2.51 0.0
2.53 0.0
2.55 0.0
2.57 0.0
2.59 0.0
2.61 0.0
2.63 0.0
2.65 0.0
2.67 0.0
2.69 0.0
2.71 0.0
2.73 0.0
2.75 0.0
2.77 0.0
2.79 0.0
2.81 0.0
2.8299999999999996 0.0
2.8499999999999996 0.0
2.8699999999999997 0.0
2.8899999999999997 0.0
2.9099999999999997 0.0
2.9299999999999997 0.0
2.9499999999999997 0.0
2.9699999999999998 0.0
2.9899999999999998 0.0
3.01 0.0
3.03 0.0
3.05 0.0
3.07 0.0
3.09 0.0
3.11 0.0
3.13 0.0
3.15 0.0
3.17 0.0
3.19 0.0
3.21 0.0
3.23 0.0
3.25 0.0
3.27 0.0
3.29 0.0
3.31 0.0
3.33 0.0
3.3499999999999996 0.0
3.3699999999999997 0.0
3.3899999999999997 0.0
3.4099999999999997 0.0
3.4299999999999997 0.0
3.4499999999999997 0.0
3.4699999999999998 0.0
3.4899999999999998 0.0
3.51 0.0
3.53 0.0
3.55 0.0
3.57 0.0
3.59 0.0
3.61 0.0
3.63 0.0
3.65 0.0
3.67 0.0
3.69 0.0
3.71 0.0
3.73 0.0
3.75 0.0
3.77 0.0
3.79 0.0
3.81 0.0
3.83 0.0
3.8499999999999996 0.0
3.8699999999999997 0.0
3.8899999999999997 0.0
3.9099999999999997 0.0
3.9299999999999997 0.0
3.9499999999999997 0.0
3.9699999999999998 0.0
3.9899999999999998 0.0
4.01 0.0
4.03 0.0
4.05 0.0
4.07 0.0
4.09 0.0
4.109999999999999 0.0
4.13 0.0
4.1499999999999995 0.0
4.17 0.0
4.1899999999999995 0.0
4.21 0.0
4.2299999999999995 0.0
4.25 0.0
4.27 0.0
4.29 0.0
4.31 0.0
4.33 0.0
4.35 0.0
4.37 0.0
4.39 0.0
4.41 0.0
4.43 0.0
4.45 0.0
4.47 0.0
4.49 0.0
4.51 0.0
4.53 0.0
4.55 0.0
4.57 0.0
4.59 0.0
4.61 0.0
4.63 0.0
4.6499999999999995 0.0
4.67 0.0
4.6899999999999995 0.0
4.71 0.0
4.7299999999999995 0.0
4.75 0.0
4.77 0.0
4.79 0.0
4.81 0.0
4.83 0.0
4.85 0.0
4.87 0.0
4.89 0.0
4.91 0.0
4.93 0.0
4.95 0.0
4.97 0.0
4.99 0.0
5.01 0.0
5.03 0.0
5.05 0.0
5.07 0.0
5.09 0.0
5.11 0.0
5.13 0.0
5.1499999999999995 0.0
5.17 0.0
5.1899999999999995 0.0
5.21 0.0
5.2299999999999995 0.0
5.25 0.0
5.27 0.0
5.29 0.0
5.31 0.0
5.33 0.0
5.35 0.0
5.37 0.0
5.39 0.0
5.41 0.0
5.43 0.0
5.45 0.0
5.47 0.0
5.49 0.0
5.51 0.0
5.53 0.0
5.55 0.0
5.57 0.0
5.59 0.0
5.61 0.0
5.63 0.0
5.6499999999999995 0.0
5.67 0.0
5.6899999999999995 0.0
5.71 0.0
5.7299999999999995 0.0
5.75 0.0
5.77 1.2478219639689408e-08
5.79 3.9618605343771434e-08
5.81 8.409850225941142e-08
5.83 2.0829332187097375e-07
5.85 5.138241445928472e-07
5.87 1.1954353596036275e-06
5.89 2.603014247467294e-06
5.91 5.54144975082129e-06
5.93 1.161186773339503e-05
5.95 2.3871914013006248e-05
5.97 4.789478986218419e-05
5.99 9.36786810769832e-05
6.01 0.00018003234834504224
6.03 0.0003384160122505709
6.05 0.000624440755293966
6.07 0.0011292529358137133
6.09 0.002004147873764268
6.11 0.0034911289207873886
6.13 0.0059636186469782795
6.15 0.009995891302978507
6.17 0.01644197590387775
6.1899999999999995 0.026550600762946717
6.21 0.04208727083988455
6.2299999999999995 0.06550178568581849
6.25 0.10009437498200088
6.27 0.15019386835897464
6.29 0.2213078878623528
6.31 0.32024016693614005
6.33 0.4550879275235625
6.35 0.63514927349625
6.37 0.8706151627116995
6.39 1.17209296254606
6.41 1.5498725421550394
6.43 2.012990345982706
6.45 2.568101364737738
6.47 3.218251909307354
6.49 3.9616502812017185
6.51 4.790598381562392
6.53 5.6907277856422676
6.55 6.640722795433684
6.57 7.612648431107971
6.59 8.572968324723842
6.61 9.484255629874111
6.63 10.307503312131068
6.65 11.004849916665158
6.67 11.54246033517124
6.6899999999999995 11.89325551938158
6.71 12.039182127065805
6.7299999999999995 11.972755489182921
6.75 11.697689964369534
6.77 11.228546195665862
6.79 10.589441553882887
6.81 9.811985960154242
6.83 8.932690141952396
6.85 7.990144942387737
6.87 7.022266645241739
6.89 6.0638826577226395
6.91 5.144845694738987
6.93 4.288801526562589
6.95 3.51263069400711
6.97 2.826504017093219
6.99 2.2344619771124132
7.01 1.7353477632662373
7.03 1.3239633354289342
7.05 0.9922656236466777
7.07 0.7305233335761425
7.09 0.5283131531968409
7.11 0.37532402769289713
7.13 0.2619302651322081
7.15 0.17957927149463632
7.17 0.1209565864197888
7.1899999999999995 0.0800466407025197
7.21 0.05204675595800216
7.2299999999999995 0.033249446274795355
7.25 0.020867597138249
7.27 0.012864643036279865
7.29 0.007787308410634591
7.31 0.004626803710149716
7.33 0.002695638521464302
7.35 0.001539467439722837
7.37 0.0008608991402621353
7.39 0.0004705545931479495
7.41 0.0002510737250683244
7.43 0.0001306871241847512
7.45 6.630324565426462e-05
7.47 3.2689094147776216e-05
7.49 1.554234346114993e-05
7.51 7.0621035810514436e-06
7.53 3.1067921561061675e-06
7.55 1.2168473163356208e-06
7.57 4.6010676796955714e-07
7.59 1.6399434168695912e-07
7.61 4.569014438848325e-08
7.63 0.0
7.65 0.0
7.67 0.0
7.6899999999999995 0.0
7.71 0.0
7.7299999999999995 0.0
7.75 0.0
7.77 0.0
7.79 0.0
7.81 0.0
7.83 0.0
7.85 0.0
7.87 0.0
7.89 0.0
7.91 0.0
7.93 0.0
7.95 0.0
7.97 0.0
7.99 0.0
8.01 0.0
8.03 0.0
8.05 0.0
8.07 0.0
8.09 0.0
8.11 0.0
8.13 0.0
8.15 0.0
8.17 0.0
8.19 0.0
8.209999999999999 0.0
8.23 0.0
8.25 0.0
8.27 0.0
8.29 0.0
8.31 0.0
8.33 0.0
8.35 0.0
8.37 0.0
8.39 0.0
8.41 0.0
8.43 0.0
8.45 0.0
8.47 0.0
8.49 0.0
8.51 0.0
8.53 0.0
8.55 0.0
8.57 0.0
8.59 0.0
8.61 1.1703171504572435e-08
8.63 4.883291934466637e-08
8.65 1.6814360059627875e-07
8.67 4.631918341671458e-07
8.69 1.0863125460546428e-06
8.71 2.5465165326983998e-06
8.73 5.527183611477112e-06
8.75 1.152398174101322e-05
8.77 2.325303431819023e-05
8.79 4.5192200421104135e-05
8.81 8.560354063139527e-05
8.83 0.0001583956253150718
8.85 0.00028577450424210703
8.87 0.0005045230434292586
8.89 0.0008716517888241894
8.91 0.0014765174706416724
8.93 0.002453506803963717
8.95 0.004003845408459625
8.97 0.006420779781010247
8.99 0.010121394591772293
9.01 0.015685407877286322
9.03 0.02390276412295421
9.05 0.035811525487287325
9.07 0.052746794498124666
9.09 0.07635747391874292
9.11 0.10853313737268784
9.13 0.15154824350563978
9.15 0.20781587010673735
9.17 0.279766377537269
9.19 0.3696041185173349
9.21 0.47897996472564375
9.23 0.6085902815191182
9.25 0.7577320215883958
9.27 0.9238681352491158
9.29 1.1022831155883255
9.31 1.285927962732713
9.33 1.4655572609339396
9.35 1.630238438405649
9.37 1.7682589017449597
9.39 1.868373945900278
9.41 1.921242524368334
9.43 1.920815246688726
9.45 1.865399469600372
9.47 1.7581529984910333
9.49 1.6068560364630242
9.51 1.422961073674351
9.53 1.2200832250176878
9.55 1.0122215961307697
9.57 0.8120539362600437
9.59 0.6296133404326026
9.61 0.47154307991817346
9.63 0.34097759481832973
9.65 0.2379601254974536
9.67 0.1602100865807881
9.69 0.10402242424946562
9.71 0.06511307932671459
9.73 0.03927859900181945
9.75 0.022824814542968877
9.77 0.012768203585119266
9.79 0.006867034122092198
9.81 0.003541301785628697
9.83 0.0017404375365883567
9.85 0.0008012042460108941
9.87 0.00033077139344167935
9.89 0.00010310313737928437
9.91 1.129277304509373e-06
9.93 0.0
9.95 0.0
9.97 0.0
9.99 0.0
