0.01 0.0
0.03 0.0
0.05 0.0
0.06999999999999999 0.0
0.09 0.0
0.11 0.0
0.13 0.0
0.15000000000000002 0.0
0.17 0.0
0.19 0.0
0.21000000000000002 0.0
0.23 0.0
0.25 0.0
0.27 0.0
0.29000000000000004 0.0
0.31 0.0
0.33 0.0
0.35000000000000003 0.0
0.37 0.0
0.39 0.0
0.41000000000000003 0.0
0.43 0.0
0.45 0.0
0.47000000000000003 0.0
0.49 0.0
0.51 0.0
0.53 0.0
0.55 0.0
0.5700000000000001 0.0
0.59 0.0
0.61 0.0
0.63 0.0
0.65 0.0
0.67 0.0
0.6900000000000001 0.0
0.7100000000000001 0.0
0.73 0.0
0.75 0.0
0.77 0.0
0.79 0.0
0.81 0.0
0.8300000000000001 0.0
0.85 0.0
0.87 0.0
0.89 0.0
0.91 0.0
0.93 0.0
0.9500000000000001 0.0
0.97 0.0
0.99 0.0
1.01 0.0
1.03 0.0
1.05 0.0
1.07 0.0
1.09 0.0
1.11 0.0
1.1300000000000001 0.0
1.1500000000000001 0.0
1.17 0.0
1.19 0.0
1.21 0.0
1.23 0.0
1.25 0.0
1.27 0.0
1.29 0.0
1.31 0.0
1.33 0.0
1.35 0.0
1.37 0.0
1.3900000000000001 0.0
1.4100000000000001 0.0
1.43 0.0
1.45 0.0
1.47 0.0
1.49 0.0
1.51 0.0
1.53 0.0
1.55 0.0
1.57 0.0
1.59 0.0
1.61 0.0
1.6300000000000001 0.0
1.6500000000000001 0.0
1.6700000000000002 0.0
1.69 0.0
1.71 0.0
1.73 0.0
1.75 0.0
1.77 0.0
1.79 0.0
1.81 0.0
1.83 0.0
1.85 0.0
1.87 0.0
1.8900000000000001 0.0
1.9100000000000001 0.0
1.93 0.0
1.95 0.0
1.97 0.0
1.99 0.0
2.01 0.0
2.03 0.0
2.05 0.0
2.07 0.0
2.09 0.0
2.11 0.0
2.13 0.0
2.15 0.0
2.17 0.0
2.19 0.0
2.21 0.0
2.23 0.0
2.25 0.0
2.27 0.0
2.29 0.0
2.31 0.0
2.3299999999999996 0.0
2.3499999999999996 0.0
2.3699999999999997 0.0
2.3899999999999997 0.0
2.4099999999999997 0.0
2.4299999999999997 0.0
2.4499999999999997 0.0
2.4699999999999998 0.0
2.4899999999999998 0.0
2.51 0.0
2.53 0.0
2.55 0.0
2.57 0.0
2.59 0.0
2.61 0.0
2.63 0.0
2.65 0.0
2.67 0.0
2.69 0.0
2.71 0.0
2.73 0.0
2.75 0.0
2.77 0.0
2.79 0.0
2.81 0.0
2.8299999999999996 0.0
2.8499999999999996 0.0
2.8699999999999997 0.0
2.8899999999999997 0.0
2.9099999999999997 0.0
2.9299999999999997 0.0
2.9499999999999997 0.0
2.9699999999999998 0.0
2.9899999999999998 0.0
3.01 0.0
3.03 0.0
3.05 0.0
3.07 0.0
3.09 0.0
3.11 0.0
3.13 0.0
3.15 0.0
3.17 0.0
3.19 0.0
3.21 0.0
3.23 0.0
3.25 0.0
3.27 0.0
3.29 0.0
3.31 0.0
3.33 0.0
3.3499999999999996 0.0
3.3699999999999997 0.0
3.3899999999999997 0.0
3.4099999999999997 0.0
3.4299999999999997 0.0
3.4499999999999997 0.0
3.4699999999999998 0.0
3.4899999999999998 0.0
3.51 0.0
3.53 0.0
3.55 0.0
3.57 0.0
3.59 0.0
3.61 0.0
3.63 0.0
3.65 0.0
3.67 0.0
3.69 0.0
3.71 0.0
3.73 0.0
3.75 0.0
3.77 0.0
3.79 0.0
3.81 0.0
3.83 0.0
3.8499999999999996 0.0
3.8699999999999997 0.0
3.8899999999999997 0.0
3.9099999999999997 0.0
3.9299999999999997 0.0
3.9499999999999997 0.0
3.9699999999999998 0.0
3.9899999999999998 0.0
4.01 0.0
4.03 0.0
4.05 0.0
4.07 0.0
4.09 0.0
4.109999999999999 0.0
4.13 0.0
4.1499999999999995 0.0
4.17 0.0
4.1899999999999995 0.0
4.21 0.0
4.2299999999999995 0.0
4.25 0.0
4.27 0.0
4.29 0.0
4.31 0.0
4.33 0.0
4.35 0.0
4.37 0.0
4.39 0.0
4.41 0.0
4.43 0.0
4.45 0.0
4.47 0.0
4.49 0.0
4.51 0.0
4.53 0.0
4.55 0.0
4.57 0.0
4.59 0.0
4.61 0.0
4.63 0.0
4.6499999999999995 0.0
4.67 0.0
4.6899999999999995 0.0
4.71 0.0
4.7299999999999995 0.0
4.75 0.0
4.77 0.0
4.79 0.0
4.81 0.0
4.83 0.0
4.85 0.0
4.87 0.0
4.89 0.0
4.91 0.0
4.93 0.0
4.95 0.0
4.97 0.0
4.99 0.0
5.01 0.0
5.03 0.0
5.05 0.0
5.07 0.0
5.09 0.0
5.11 0.0
5.13 0.0
5.1499999999999995 0.0
5.17 0.0
5.1899999999999995 0.0
5.21 0.0
5.2299999999999995 0.0
5.25 0.0
5.27 0.0
5.29 0.0
5.31 0.0
5.33 0.0
5.35 0.0
5.37 0.0
5.39 0.0
5.41 0.0
5.43 0.0
5.45 0.0
5.47 0.0
5.49 0.0
5.51 0.0
5.53 0.0
5.55 0.0
5.57 0.0
5.59 0.0
5.61 0.0
5.63 0.0
5.6499999999999995 0.0
5.67 0.0
5.6899999999999995 0.0
5.71 0.0
5.7299999999999995 0.0
5.75 0.0
5.77 0.0
5.79 0.0
5.81 0.0
5.83 0.0
5.85 8.082973771808353e-08
5.87 2.7672145652256606e-07
5.89 7.481876053190724e-07
5.91 2.1660070607965073e-06
5.93 5.537922925838866e-06
5.95 1.29914350269267e-05
5.97 2.9283792565501033e-05
5.99 6.314168945801666e-05
6.01 0.00012971160370111405
6.03 0.000258503641845275
6.05 0.0005006340679115857
6.07 0.0009408535464166595
6.09 0.0017231261377490573
6.11 0.003077033330752698
6.13 0.005365134489586863
6.15 0.009144490279816361
6.17 0.015246429400899862
6.1899999999999995 0.02489373447973311
6.21 0.039831173179876604
6.2299999999999995 0.06247937887981085
6.25 0.09613231389921743
6.27 0.14510616381534644
6.29 0.2149338360059695
6.31 0.312458511248907
6.33 0.4458666278356877
6.35 0.6245628114490205
6.37 0.8588979131967311
6.39 1.1596417812941104
6.41 1.5372537578299024
6.43 2.0009216633842946
6.45 2.55741865159626
6.47 3.2098406424549957
6.49 3.9563702897187003
6.51 4.7891976411307455
6.53 5.693760295642856
6.55 6.648477630143569
6.57 7.625111202941264
6.59 8.589807693358935
6.61 9.504851632151054
6.63 10.331001915196474
6.65 11.030237726037278
6.67 11.568639817306806
6.6899999999999995 11.919112156495327
6.71 12.063631887276683
6.7299999999999995 11.994773701767073
6.75 11.71633310039821
6.77 11.242978378190259
6.79 10.598977585645464
6.81 9.816153571545815
6.83 8.931301837745727
6.85 7.983356607791289
6.87 7.010609738896655
6.89 6.048245831613344
6.91 5.126402627671004
6.93 4.268896315136065
6.95 3.4926320013927175
6.97 2.8076662335098828
6.99 2.217805339815201
7.01 1.721577604274975
7.03 1.313436446650487
7.05 0.9850172108029318
7.07 0.7263091488197692
7.09 0.526707015276092
7.11 0.375784986193516
7.13 0.26389712746418403
7.15 0.18251911835928744
7.17 0.12442394843130904
7.1899999999999995 0.08368357610244101
7.21 0.05560601268490658
7.2299999999999995 0.03657335866822342
7.25 0.023869329309506585
7.27 0.015504408547343413
7.29 0.010062891565643578
7.31 0.006555165766564192
7.33 0.004304196184547561
7.35 0.0028598706278068673
7.37 0.0019276830341639038
7.39 0.0013158656355968046
7.41 0.0009080938119382532
7.43 0.0006297037762527469
7.45 0.00043593360209456946
7.47 0.00029880014006612287
7.49 0.00020209305942231443
7.51 0.00013415752641518977
7.53 8.695746901813995e-05
7.55 5.4814684630709344e-05
7.57 3.355716014181881e-05
7.59 1.991808088615203e-05
7.61 1.1436243244730555e-05
7.63 6.314113992048508e-06
7.65 3.334456502457137e-06
7.67 1.72388602571237e-06
7.6899999999999995 8.459360007606651e-07
7.71 3.904148200922318e-07
7.7299999999999995 1.5688167901558423e-07
7.75 5.8446246947640144e-08
7.77 0.0
7.79 0.0
7.81 0.0
7.83 0.0
7.85 0.0
7.87 0.0
7.89 0.0
7.91 0.0
7.93 0.0
7.95 0.0
7.97 0.0
7.99 0.0
8.01 0.0
8.03 0.0
8.05 0.0
8.07 0.0
8.09 0.0
8.11 0.0
8.13 0.0
8.15 0.0
8.17 0.0
8.19 0.0
8.209999999999999 0.0
8.23 0.0
8.25 0.0
8.27 0.0
8.29 0.0
8.31 0.0
8.33 0.0
8.35 0.0
8.37 0.0
8.39 0.0
8.41 0.0
8.43 0.0
8.45 0.0
8.47 0.0
8.49 0.0
8.51 0.0
8.53 0.0
8.55 0.0
8.57 0.0
8.59 0.0
8.61 0.0
8.63 2.9041374020974788e-08
8.65 1.4045470195968475e-07
8.67 4.1612217407292593e-07
8.69 1.1385880559443727e-06
8.71 2.717674213667457e-06
8.73 5.950221086590203e-06
8.75 1.255268805252363e-05
8.77 2.531833498902089e-05
8.79 4.981826020948767e-05
8.81 9.499411389676242e-05
8.83 0.00017586014763793393
8.85 0.0003164643107174981
8.87 0.0005564617198941798
8.89 0.0009563164294977265
8.91 0.001609575473174431
8.93 0.002655491498426203
8.95 0.004300893674600296
8.97 0.006844811401678067
8.99 0.010707992134846023
9.01 0.016473232997608393
9.03 0.02492479781251867
9.05 0.03709495738025895
9.07 0.054307194454356125
9.09 0.07819061650848978
9.11 0.1106070525823463
9.13 0.15380370887752873
9.15 0.21016645830348515
9.17 0.2821040518055736
9.19 0.3718086110323644
9.21 0.48093021809187664
9.23 0.6101755010165033
9.25 0.758860066977223
9.27 0.9244700873914278
9.29 1.1023144908868454
9.31 1.2853684750635461
9.33 1.4644114819208836
9.35 1.6285388077472347
9.37 1.7660705807281365
9.39 1.8657988993793273
9.41 1.9184190904310319
9.43 1.9179100899375605
9.45 1.8625911362427925
9.47 1.7556095839362036
9.49 1.6047119695049232
9.51 1.4212989664119315
9.53 1.2189258547837107
9.55 1.0115350814904267
9.57 0.8117612169065553
9.59 0.6296135672624568
9.61 0.4717308928439015
9.63 0.3412600184284737
9.65 0.23826591430610686
9.67 0.16049253040864736
9.69 0.1042570278347144
9.71 0.06529262722969202
9.73 0.03940691462293133
9.75 0.022911149794155625
9.77 0.012822997487690009
9.79 0.006899613179726952
9.81 0.0035596841081231567
9.83 0.001749760246510332
9.85 0.0008073127580463484
9.87 0.0003349301080432915
9.89 0.00010488903506939935
9.91 1.0211657764233395e-06
9.93 0.0
9.95 0.0
9.97 0.0
9.99 0.0
