0.01 0.0
0.03 0.0
0.05 0.0
0.06999999999999999 0.0
0.09 0.0
0.11 0.0
0.13 0.0
0.15000000000000002 0.0
0.17 0.0
0.19 0.0
0.21000000000000002 0.0
0.23 0.0
0.25 0.0
0.27 0.0
0.29000000000000004 0.0
0.31 0.0
0.33 0.0
0.35000000000000003 0.0
0.37 0.0
0.39 0.0
0.41000000000000003 0.0
0.43 0.0
0.45 0.0
0.47000000000000003 0.0
0.49 0.0
0.51 0.0
0.53 0.0
0.55 0.0
0.5700000000000001 0.0
0.59 0.0
0.61 0.0
0.63 0.0
0.65 0.0
0.67 0.0
0.6900000000000001 0.0
0.7100000000000001 0.0
0.73 0.0
0.75 0.0
0.77 0.0
0.79 0.0
0.81 0.0
0.8300000000000001 0.0
0.85 0.0
0.87 0.0
0.89 0.0
0.91 0.0
0.93 0.0
0.9500000000000001 0.0
0.97 0.0
0.99 0.0
1.01 0.0
1.03 0.0
1.05 0.0
1.07 0.0
1.09 0.0
1.11 0.0
1.1300000000000001 0.0
1.1500000000000001 0.0
1.17 0.0
1.19 0.0
1.21 0.0
1.23 0.0
1.25 0.0
1.27 0.0
1.29 0.0
1.31 0.0
1.33 0.0
1.35 0.0
1.37 0.0
1.3900000000000001 0.0
1.4100000000000001 0.0
1.43 0.0
1.45 0.0
1.47 0.0
1.49 0.0
1.51 0.0
1.53 0.0
1.55 0.0
1.57 0.0
1.59 0.0
1.61 0.0
1.6300000000000001 0.0
1.6500000000000001 0.0
1.6700000000000002 0.0
1.69 0.0
1.71 0.0
1.73 0.0
1.75 0.0
1.77 0.0
1.79 0.0
1.81 0.0
1.83 0.0
1.85 0.0
1.87 0.0
1.8900000000000001 0.0
1.9100000000000001 0.0
1.93 0.0
1.95 0.0
1.97 0.0
1.99 0.0
2.01 0.0
2.03 0.0
2.05 0.0
2.07 0.0
2.09 0.0
2.11 0.0
2.13 0.0
2.15 0.0
2.17 0.0
2.19 0.0
2.21 0.0
2.23 0.0
2.25 0.0
2.27 0.0
2.29 0.0
2.31 0.0
2.3299999999999996 0.0
2.3499999999999996 0.0
2.3699999999999997 0.0
2.3899999999999997 0.0
2.4099999999999997 0.0
2.4299999999999997 0.0
2.4499999999999997 0.0
2.4699999999999998 0.0
2.4899999999999998 0.0
2.51 0.0
2.53 0.0
2.55 0.0
2.57 0.0
2.59 0.0
2.61 0.0
2.63 0.0
2.65 0.0
2.67 0.0
2.69 0.0
2.71 0.0
2.73 0.0
2.75 0.0
2.77 0.0
2.79 0.0
2.81 0.0
2.8299999999999996 0.0
2.8499999999999996 0.0
2.8699999999999997 0.0
2.8899999999999997 0.0
2.9099999999999997 0.0
2.9299999999999997 0.0
2.9499999999999997 0.0
2.9699999999999998 0.0
2.9899999999999998 0.0
3.01 0.0
3.03 0.0
3.05 0.0
3.07 0.0
3.09 0.0
3.11 0.0
3.13 0.0
3.15 0.0
3.17 0.0
3.19 0.0
3.21 0.0
3.23 0.0
3.25 0.0
3.27 0.0
3.29 0.0
3.31 0.0
3.33 0.0
3.3499999999999996 0.0
3.3699999999999997 0.0
3.3899999999999997 0.0
3.4099999999999997 0.0
3.4299999999999997 0.0
3.4499999999999997 0.0
3.4699999999999998 0.0
3.4899999999999998 0.0
3.51 0.0
3.53 0.0
3.55 0.0
3.57 0.0
3.59 0.0
3.61 0.0
3.63 0.0
3.65 0.0
3.67 0.0
3.69 0.0
3.71 0.0
3.73 0.0
3.75 0.0
3.77 0.0
3.79 0.0
3.81 0.0
3.83 0.0
3.8499999999999996 0.0
3.8699999999999997 0.0
3.8899999999999997 0.0
3.9099999999999997 0.0
3.9299999999999997 0.0
3.9499999999999997 0.0
3.9699999999999998 0.0
3.9899999999999998 0.0
4.01 0.0
4.03 0.0
4.05 0.0
4.07 0.0
4.09 0.0
4.109999999999999 0.0
4.13 0.0
4.1499999999999995 0.0
4.17 0.0
4.1899999999999995 0.0
4.21 0.0
4.2299999999999995 0.0
4.25 0.0
4.27 0.0
4.29 0.0
4.31 0.0
4.33 0.0
4.35 0.0
4.37 0.0
4.39 0.0
4.41 0.0
4.43 0.0
4.45 0.0
4.47 0.0
4.49 0.0
4.51 0.0
4.53 0.0
4.55 0.0
4.57 0.0
4.59 0.0
4.61 0.0
4.63 0.0
4.6499999999999995 0.0
4.67 0.0
4.6899999999999995 0.0
4.71 0.0
4.7299999999999995 0.0
4.75 0.0
4.77 0.0
4.79 0.0
4.81 0.0
4.83 0.0
4.85 0.0
4.87 0.0
4.89 0.0
4.91 0.0
4.93 0.0
4.95 0.0
4.97 0.0
4.99 0.0
5.01 0.0
5.03 0.0
5.05 0.0
5.07 0.0
5.09 0.0
5.11 0.0
5.13 0.0
5.1499999999999995 0.0
5.17 0.0
5.1899999999999995 0.0
5.21 0.0
5.2299999999999995 0.0
5.25 0.0
5.27 0.0
5.29 0.0
5.31 0.0
5.33 0.0
5.35 0.0
5.37 0.0
5.39 0.0
5.41 0.0
5.43 0.0
5.45 0.0
5.47 0.0
5.49 0.0
5.51 0.0
5.53 0.0
5.55 0.0
5.57 0.0
5.59 0.0
5.61 0.0
5.63 0.0
5.6499999999999995 0.0
5.67 0.0
5.6899999999999995 0.0
5.71 0.0
5.7299999999999995 0.0
5.75 0.0
5.77 0.0
5.79 0.0
5.81 0.0
5.83 4.895610517270999e-08
5.85 1.5543967333814048e-07
5.87 4.3870260295448537e-07
5.89 1.1985583335700398e-06
5.91 3.125882260637336e-06
5.93 7.250368475939682e-06
5.95 1.6833906039050456e-05
5.97 3.6995831803112047e-05
5.99 7.72842974137927e-05
6.01 0.00015679892492147886
6.03 0.00030874264557157263
6.05 0.000588520549935234
6.07 0.0010931186985480657
6.09 0.00197937934156912
6.11 0.0034972718194127175
6.13 0.006040804497618851
6.15 0.010205751640690344
6.17 0.016875470181847815
6.1899999999999995 0.027331781457763004
6.21 0.04338298982624634
6.2299999999999995 0.06752339792372529
6.25 0.10309565981284373
6.27 0.15446488702264932
6.29 0.22717571096938832
6.31 0.3280430420839012
6.33 0.4651693543674429
6.35 0.6478273999501749
6.37 0.8861625763575968
6.39 1.1906929176430923
6.41 1.571567206582427
6.43 2.037616280679909
6.45 2.5952098412645945
6.47 3.24703693882554
6.49 3.990887472194379
6.51 4.8186376529672215
6.53 5.715545991576661
6.55 6.6600551840623545
6.57 7.624195391542661
6.59 8.574660281216133
6.61 9.47452822410806
6.63 10.285543870736399
6.65 10.970764103894496
6.67 11.49732760372291
6.6899999999999995 11.839062058193168
6.71 11.978639184601086
6.7299999999999995 11.909035178624439
6.75 11.634122167772547
6.77 11.168318313128953
6.79 10.53534332420655
6.81 9.766221914953103
6.83 8.89677167519172
6.85 7.964859748631446
6.87 7.007715327850672
6.89 6.059556830672975
6.91 5.1497438359578345
6.93 4.301555096841783
6.95 3.5316295947336296
6.97 2.8500306479482407
6.99 2.260805820922017
7.01 1.762909717372178
7.03 1.351336298151634
7.05 1.018299592789652
7.07 0.7543619548723296
7.09 0.549401303300095
7.11 0.39338397461554686
7.13 0.2769349582602867
7.15 0.19168655910141852
7.17 0.1304593243223192
7.1899999999999995 0.08730685970096261
7.21 0.057453264359920944
7.2299999999999995 0.03717806954670422
7.25 0.023655051650143453
7.27 0.014798302023091141
7.29 0.009098389207357806
7.31 0.005497963376714479
7.33 0.0032619755196906528
7.35 0.0018993060989961246
7.37 0.001084344427048691
7.39 0.0006066951728772364
7.41 0.00033149419043018973
7.43 0.00017699574724404138
7.45 9.205452469816211e-05
7.47 4.656929577082317e-05
7.49 2.3071694229565602e-05
7.51 1.094622294280893e-05
7.53 4.949297263441869e-06
7.55 2.158642058802741e-06
7.57 8.544214828384131e-07
7.59 3.16212027166111e-07
7.61 1.051628112054392e-07
7.63 2.7262627977245295e-08
7.65 0.0
7.67 0.0
7.6899999999999995 0.0
7.71 0.0
7.7299999999999995 0.0
7.75 0.0
7.77 0.0
7.79 0.0
7.81 0.0
7.83 0.0
7.85 0.0
7.87 0.0
7.89 0.0
7.91 0.0
7.93 0.0
7.95 0.0
7.97 0.0
7.99 0.0
8.01 0.0
8.03 0.0
8.05 0.0
8.07 0.0
8.09 0.0
8.11 0.0
8.13 0.0
8.15 0.0
8.17 0.0
8.19 0.0
8.209999999999999 0.0
8.23 0.0
8.25 0.0
8.27 0.0
8.29 0.0
8.31 0.0
8.33 0.0
8.35 0.0
8.37 0.0
8.39 0.0
8.41 0.0
8.43 0.0
8.45 0.0
8.47 0.0
8.49 0.0
8.51 0.0
8.53 0.0
8.55 5.930305719610849e-09
8.57 1.884068760096403e-08
8.59 6.350446855878797e-08
8.61 1.9725137322623726e-07
8.63 4.486945752704311e-07
8.65 9.882903369604282e-07
8.67 2.026370025038966e-06
8.69 3.983333679968437e-06
8.71 7.615338704207051e-06
8.73 1.425289065630813e-05
8.75 2.6247699368140384e-05
8.77 4.7013799437804575e-05
8.79 8.280685576643121e-05
8.81 0.00014322148740458416
8.83 0.00024466268619707636
8.85 0.0004119307808283621
8.87 0.0006862725721992806
8.89 0.0011318765737509534
8.91 0.001847089309982461
8.93 0.00298220098211689
8.95 0.0047586761750505035
8.97 0.007497397089134365
8.99 0.011650708343561305
9.01 0.01783897283146864
9.03 0.026890516353410526
9.05 0.03988133048721936
9.07 0.05816642904150167
9.09 0.08339299936982608
9.11 0.11742139115946242
9.13 0.16245532341777322
9.15 0.22079888960653293
9.17 0.29473606232594207
9.19 0.38629525469907056
9.21 0.49693503829260466
9.23 0.6271610187536508
9.25 0.7761022759118965
9.27 0.941099670877283
9.29 1.1173832585560999
9.31 1.297934864673281
9.33 1.473634929858779
9.35 1.6337703471395402
9.37 1.7669267867556504
9.39 1.86220834103955
9.41 1.910634236669434
9.43 1.9064825647573809
9.45 1.8483133618821939
9.47 1.7394303207358057
9.49 1.5876374370836834
9.51 1.4042928381605293
9.53 1.202821606740013
9.55 0.9969722802675683
9.57 0.7991526760852431
9.59 0.619144693216333
9.61 0.46338683141500014
9.63 0.3348722220138622
9.65 0.23356700126256316
9.67 0.1571708123833017
9.69 0.10200028900047733
9.71 0.06381871128677577
9.73 0.03848193515553628
9.75 0.02235271765299589
9.77 0.01249922045942247
9.79 0.006719944552620001
9.81 0.003464031194948302
9.83 0.001701177943258309
9.85 0.0007831516631556308
9.87 0.0003225129273569726
9.89 0.00010017444392517111
9.91 1.2133165457751866e-06
9.93 0.0
9.95 0.0
9.97 0.0
9.99 0.0
