0.01 0.0
0.03 0.0
0.05 0.0
0.06999999999999999 0.0
0.09 0.0
0.11 0.0
0.13 0.0
0.15000000000000002 0.0
0.17 0.0
0.19 0.0
0.21000000000000002 0.0
0.23 0.0
0.25 0.0
0.27 0.0
0.29000000000000004 0.0
0.31 0.0
0.33 0.0
0.35000000000000003 0.0
0.37 0.0
0.39 0.0
0.41000000000000003 0.0
0.43 0.0
0.45 0.0
0.47000000000000003 0.0
0.49 0.0
0.51 0.0
0.53 0.0
0.55 0.0
0.5700000000000001 0.0
0.59 0.0
0.61 0.0
0.63 0.0
0.65 0.0
0.67 0.0
0.6900000000000001 0.0
0.7100000000000001 0.0
0.73 0.0
0.75 0.0
0.77 0.0
0.79 0.0
0.81 0.0
0.8300000000000001 0.0
0.85 0.0
0.87 0.0
0.89 0.0
0.91 0.0
0.93 0.0
0.9500000000000001 0.0
0.97 0.0
0.99 0.0
1.01 0.0
1.03 0.0
1.05 0.0
1.07 0.0
1.09 0.0
1.11 0.0
1.1300000000000001 0.0
1.1500000000000001 0.0
1.17 0.0
1.19 0.0
1.21 0.0
1.23 0.0
1.25 0.0
1.27 0.0
1.29 0.0
1.31 0.0
1.33 0.0
1.35 0.0
1.37 0.0
1.3900000000000001 0.0
1.4100000000000001 0.0
1.43 0.0
1.45 0.0
1.47 0.0
1.49 0.0
1.51 0.0
1.53 0.0
1.55 0.0
1.57 0.0
1.59 0.0
1.61 0.0
1.6300000000000001 0.0
1.6500000000000001 0.0
1.6700000000000002 0.0
1.69 0.0
1.71 0.0
1.73 0.0
1.75 0.0
1.77 0.0
1.79 0.0
1.81 0.0
1.83 0.0
1.85 0.0
1.87 0.0
1.8900000000000001 0.0
1.9100000000000001 0.0
1.93 0.0
1.95 0.0
1.97 0.0
1.99 0.0
2.01 0.0
2.03 0.0
2.05 0.0
2.07 0.0
2.09 0.0
2.11 0.0
2.13 0.0
2.15 0.0
2.17 0.0
2.19 0.0
2.21 0.0
2.23 0.0
2.25 0.0
2.27 0.0
2.29 0.0
2.31 0.0
2.3299999999999996 0.0
2.3499999999999996 0.0
2.3699999999999997 0.0
2.3899999999999997 3.390318993494033e-09
2.4099999999999997 7.3958868554990115e-09
2.4299999999999997 2.2091616508972397e-08
2.4499999999999997 5.046598510848789e-08
2.4699999999999998 1.0756800491705305e-07
2.4899999999999998 2.202721696007818e-07
2.51 4.3491896689090104e-07
2.53 8.517728406966957e-07
2.55 1.6188845211672288e-06
2.57 3.0363772225804895e-06
2.59 5.644528411685832e-06
2.61 1.0331705933709517e-05
2.63 1.8671623855522967e-05
2.65 3.346224769366706e-05
2.67 5.924988401356345e-05
2.69 0.00010418916494144451
2.71 0.00018141857368317023
2.73 0.00031288785072682164
2.75 0.0005332457842553566
2.77 0.0008977363945516137
2.79 0.0014910927246809997
2.81 0.0024417062457089463
2.8299999999999996 0.003939916769035827
2.8499999999999996 0.006261930018972562
2.8699999999999997 0.009800395917883871
2.8899999999999997 0.015103552210601402
2.9099999999999997 0.022916583643381262
2.9299999999999997 0.034232637283056866
2.9499999999999997 0.05033969601874212
2.9699999999999998 0.07285987405831658
2.9899999999999998 0.10377446414779361
3.01 0.14541662642518513
3.03 0.2004219023304246
3.05 0.2716158361704873
3.07 0.3618348379101659
3.09 0.4736727948881061
3.11 0.609158269869808
3.13 0.769386009498677
3.15 0.9541346969669016
3.17 1.1615214836985772
3.19 1.3877542947374972
3.21 1.6270361888776794
3.23 1.8716781443364967
3.25 2.112448180763581
3.27 2.3391543354485314
3.29 2.541427806967497
3.31 2.709627645306141
3.33 2.8357638157316076
3.3499999999999996 2.9143238782421252
3.3699999999999997 2.942882164057573
3.3899999999999997 2.9224061988666192
3.4099999999999997 2.8572108320276444
3.4299999999999997 2.7545570114567925
3.4499999999999997 2.623956628802701
3.4699999999999998 2.4762662065734404
3.4899999999999998 2.322697905229914
3.51 2.173862694279692
3.53 2.038959520597245
3.55 1.9251838265550518
3.57 1.8373995325729335
3.59 1.7780711869404566
3.61 1.747429473211104
3.63 1.743809299299585
3.65 1.7641034309722836
3.67 1.8042553739794447
3.69 1.8597434048312789
3.71 1.9260023431348947
3.73 1.9987643753364774
3.75 2.0742929644057613
3.77 2.14952137887692
3.79 2.2220944078509284
3.81 2.2903291313251506
3.83 2.353117237774549
3.8499999999999996 2.4097817552837726
3.8699999999999997 2.4599181050597316
3.8899999999999997 2.503228421260583
3.9099999999999997 2.5393763268219853
3.9299999999999997 2.567876795339072
3.9499999999999997 2.588030118307206
3.9699999999999998 2.5989089349152836
3.9899999999999998 2.5993984001030537
4.01 2.588279227962978
4.03 2.564347129441246
4.05 2.526546730675919
4.07 2.474105698778619
4.09 2.406651621760568
4.109999999999999 2.3242950977221657
4.13 2.227673848352413
4.1499999999999995 2.1179512350259735
4.17 1.9967691530098812
4.1899999999999995 1.8661686263436976
4.21 1.7284820123873892
4.2299999999999995 1.5862116900056011
4.25 1.4419101670801098
4.27 1.298064100863104
4.29 1.1570006250705671
4.31 1.02080893387874
4.33 0.8912864893387165
4.35 0.7699029425397056
4.37 0.6577820855803005
4.39 0.5556976817494174
4.41 0.46408255719676844
4.43 0.38304823173364333
4.45 0.31241588598356196
4.47 0.2517531981986182
4.49 0.20042338374651456
4.51 0.15763420365904657
4.53 0.12249308274122787
4.55 0.0940575976987953
4.57 0.07138276954235516
4.59 0.053559472210008244
4.61 0.03974493689070564
4.63 0.02918221549448209
4.6499999999999995 0.021210744470616494
4.67 0.015270069816628743
4.6899999999999995 0.010895132432689553
4.71 0.007709322572049308
4.7299999999999995 0.005413617745142884
4.75 0.003775193315391203
4.77 0.0026159942886060466
4.79 0.0018025659288573375
4.81 0.0012357064613523691
4.83 0.0008431120396464641
4.85 0.0005729825725615322
4.87 0.0003884915953660153
4.89 0.00026374743047831634
4.91 0.00018108429515354936
4.93 0.00012870425853869996
4.95 9.912238371111994e-05
4.97 8.83239036019261e-05
4.99 9.546701481776708e-05
5.01 0.00012268334502432156
5.03 0.00017559879048998224
5.05 0.0002643686570072904
5.07 0.00040475699339790505
5.09 0.0006205644109262692
5.11 0.0009461670387648954
5.13 0.0014300034828328586
5.1499999999999995 0.002139222984649768
5.17 0.003165096609944248
5.1899999999999995 0.004629240038762288
5.21 0.006691736681517768
5.2299999999999995 0.009558472119910337
5.25 0.01349075034017595
5.27 0.018812912037900812
5.29 0.02592082369757327
5.31 0.035287434815309715
5.33 0.04746625633264029
5.35 0.06308953818613107
5.37 0.08286231929053317
5.39 0.10754858784497612
5.41 0.1379505891745281
5.43 0.1748796691527389
5.45 0.21911873490197675
5.47 0.2713770600782434
5.49 0.33224031060584824
5.51 0.40211554790412246
5.53 0.4811766756448666
5.55 0.5693139691636933
5.57 0.6660922058483941
5.59 0.7707216309127374
5.61 0.8820472520476872
5.63 0.9985585043754912
5.6499999999999995 1.1184225287162557
5.67 1.2395401525874097
5.6899999999999995 1.359622788067995
5.71 1.4762883244527762
5.7299999999999995 1.587166110801488
5.75 1.6900081496657802
5.77 1.7827967686958286
5.79 1.863841591211046
5.81 1.931857457142634
5.83 1.9860201673737188
5.85 2.0259932362245094
5.87 2.0519264923362495
5.89 2.064425536756502
5.91 2.0644956546171276
5.93 2.0534646729142443
5.95 2.032891836777107
5.97 2.0044689686543693
5.99 1.9699222872703026
6.01 1.9309231612363345
6.03 1.8890102745448387
6.05 1.8455330807690669
6.07 1.8016129488930919
6.09 1.7581272486680284
6.11 1.7157101927842278
6.13 1.674770816300485
6.15 1.6355232861232605
6.17 1.598026883920172
6.1899999999999995 1.5622306708238058
6.21 1.5280236414120398
6.2299999999999995 1.4952845645087651
6.25 1.4639306229564315
6.27 1.4339629180780782
6.29 1.4055030743148775
6.31 1.3788177536258508
6.33 1.3543299094567887
6.35 1.3326103752839709
6.37 1.314349388390148
6.39 1.3003079952231769
6.41 1.2912514840695735
6.43 1.2878686499234
6.45 1.2906839473172387
6.47 1.2999692029184757
6.49 1.3156658699590942
6.51 1.3373245717516686
6.53 1.3640699071252727
6.55 1.3946002122791892
6.57 1.4272206153573717
6.59 1.4599143969532744
6.61 1.4904469628607584
6.63 1.5164981310206533
6.65 1.5358096027872095
6.67 1.546337420198727
6.6899999999999995 1.546394123956986
6.71 1.5347674054392344
6.7299999999999995 1.510803380368443
6.75 1.4744470393525753
6.77 1.4262355737592372
6.79 1.367247648574471
6.81 1.2990150884992007
6.83 1.2234065361470412
6.85 1.1424991870771306
6.87 1.05844760852678
6.89 0.973365750017317
6.91 0.8892294089352746
6.93 0.8078058622602894
6.95 0.7306134908233926
6.97 0.6589072341316234
6.99 0.5936891617758179
7.01 0.5357346760060074
7.03 0.48562844801063476
7.05 0.44380255667412627
7.07 0.41057218228319003
7.09 0.38616165880882836
7.11 0.3707225545826825
7.13 0.3643401091363135
7.15 0.36702921982003706
7.17 0.3787233819980674
7.1899999999999995 0.3992576766939731
7.21 0.42834926973810367
7.2299999999999995 0.46557868225599985
7.25 0.5103740990110552
7.27 0.5620015966937225
7.29 0.6195639657515476
7.31 0.6820074065596169
7.33 0.7481407786792779
7.35 0.8166634125881885
7.37 0.8862023091070558
7.39 0.9553566273297254
7.41 1.022745131009808
7.43 1.0870543921059568
7.45 1.1470822218546886
7.47 1.201775560944412
7.49 1.2502580678897355
7.51 1.2918476723411576
7.53 1.3260635260974936
7.55 1.352623130556624
7.57 1.3714313571931203
7.59 1.3825632943858204
7.61 1.3862420177042463
7.63 1.3828131436422375
7.65 1.3727180369925465
7.67 1.3564658745631302
7.6899999999999995 1.3346079056176507
7.71 1.3077136105173346
7.7299999999999995 1.2763511969439794
7.75 1.2410728530187134
7.77 1.202405097819422
7.79 1.160844661985902
7.81 1.116857110405185
7.83 1.070879529852817
7.85 1.0233234908515507
7.87 0.9745787557452937
7.89 0.9250155153795504
7.91 0.8749863746446807
7.93 0.8248264305363544
7.95 0.7748530561577689
7.97 0.7253651252548553
7.99 0.6766418555512638
8.01 0.6289418652990036
8.03 0.5825022092441507
8.05 0.5375370813590484
8.07 0.4942366907402336
8.09 0.45276642434822967
8.11 0.41326592642870696
8.13 0.37584991013592145
8.15 0.3406090148975268
8.17 0.30761364164713956
8.19 0.2769188495646954
8.209999999999999 0.24857155686077026
8.23 0.22261918830801963
8.25 0.19912019042092488
8.27 0.1781554109348153
8.29 0.15983974914713772
8.31 0.14433542231855745
8.33 0.1318635745829978
8.35 0.12271632573864692
8.37 0.11726670067854024
8.39 0.11597631901329485
8.41 0.11939904642403726
8.43 0.12817937910298832
8.45 0.14304400587226723
8.47 0.16478442513976127
8.49 0.19423083019159104
8.51 0.23221426196333242
8.53 0.27952016481359726
8.55 0.3368328624230041
8.57 0.40467283045504227
8.59 0.4833337308629711
8.61 0.5728201189180412
8.63 0.6727940711157689
8.65 0.7825349240316535
8.67 0.9009178159373207
8.69 1.0264142691603737
8.71 1.1571181028213937
8.73 1.290796109774434
8.75 1.4249615755650433
8.77 1.5569671941174466
8.79 1.6841122497069678
8.81 1.803755230481844
8.83 1.9134283219147425
8.85 2.010943150573093
8.87 2.0944829646421668
8.89 2.162675398870667
8.91 2.214640926203879
8.93 2.250014658491088
8.95 2.2689406297278025
8.97 2.2720387073819643
8.99 2.260348290801909
9.01 2.235252472806946
9.03 2.198388497456267
9.05 2.151552398257718
9.07 2.0966033216911875
9.09 2.035375022659654
9.11 1.9695891730277957
9.13 1.900815806945157
9.15 1.8304118711525734
9.17 1.7594973503449876
9.19 1.6889413948193566
9.21 1.619357908829664
9.23 1.5511076463024545
9.25 1.4843032796922786
9.27 1.4188171896563617
9.29 1.3542953472682577
9.31 1.2901822322172132
9.33 1.225766512501924
9.35 1.160252359071828
9.37 1.0928610889498143
9.39 1.0229581981227742
9.41 0.9501888209875192
9.43 0.8746033128388657
9.45 0.7967420840271847
9.47 0.7176583329902279
9.49 0.6388638884234994
9.51 0.5622020947548789
9.53 0.4896663109293567
9.55 0.42319760676860135
9.57 0.36450065712693536
9.59 0.31490885506228256
9.61 0.27531681792409846
9.63 0.24618799233728506
9.65 0.22761897992602742
9.67 0.21943537356481677
9.69 0.22129214063548108
9.71 0.2327549783875124
9.73 0.25334464477418395
9.75 0.2825387623366148
9.77 0.3197335304943615
9.79 0.36417479028492106
9.81 0.41487325664382285
9.83 0.4705228870722797
9.85 0.5294413932805868
9.87 0.5895520155388131
9.89 0.648422533054766
9.91 0.703369709801106
9.93 0.7516317509136533
9.95 0.7905684157265864
9.97 0.8179226016929879
9.99 0.8320382003273634
