0.01 0.0
0.03 0.0
0.05 0.0
0.06999999999999999 0.0
0.09 0.0
0.11 0.0
0.13 0.0
0.15000000000000002 0.0
0.17 0.0
0.19 0.0
0.21000000000000002 0.0
0.23 0.0
0.25 0.0
0.27 0.0
0.29000000000000004 0.0
0.31 0.0
0.33 0.0
0.35000000000000003 0.0
0.37 0.0
0.39 0.0
0.41000000000000003 0.0
0.43 0.0
0.45 0.0
0.47000000000000003 0.0
0.49 0.0
0.51 0.0
0.53 0.0
0.55 0.0
0.5700000000000001 0.0
0.59 0.0
0.61 0.0
0.63 0.0
0.65 0.0
0.67 0.0
0.6900000000000001 0.0
0.7100000000000001 0.0
0.73 0.0
0.75 0.0
0.77 0.0
0.79 0.0
0.81 0.0
0.8300000000000001 0.0
0.85 0.0
0.87 0.0
0.89 0.0
0.91 0.0
0.93 0.0
0.9500000000000001 0.0
0.97 0.0
0.99 0.0
1.01 0.0
1.03 0.0
1.05 0.0
1.07 0.0
1.09 0.0
1.11 0.0
1.1300000000000001 0.0
1.1500000000000001 0.0
1.17 0.0
1.19 0.0
1.21 0.0
1.23 0.0
1.25 0.0
1.27 0.0
1.29 0.0
1.31 0.0
1.33 0.0
1.35 0.0
1.37 0.0
1.3900000000000001 0.0
1.4100000000000001 0.0
1.43 0.0
1.45 0.0
1.47 0.0
1.49 0.0
1.51 0.0
1.53 0.0
1.55 0.0
1.57 0.0
1.59 0.0
1.61 0.0
1.6300000000000001 0.0
1.6500000000000001 0.0
1.6700000000000002 0.0
1.69 0.0
1.71 0.0
1.73 0.0
1.75 0.0
1.77 0.0
1.79 0.0
1.81 0.0
1.83 0.0
1.85 0.0
1.87 0.0
1.8900000000000001 0.0
1.9100000000000001 0.0
1.93 0.0
1.95 0.0
1.97 0.0
1.99 0.0
2.01 0.0
2.03 0.0
2.05 0.0
2.07 0.0
2.09 0.0
2.11 0.0
2.13 0.0
2.15 0.0
2.17 0.0
2.19 0.0
2.21 0.0
2.23 0.0
2.25 0.0
2.27 0.0
2.29 0.0
2.31 0.0
2.3299999999999996 0.0
2.3499999999999996 0.0
2.3699999999999997 0.0
2.3899999999999997 0.0
2.4099999999999997 0.0
2.4299999999999997 0.0
2.4499999999999997 0.0
2.4699999999999998 0.0
2.4899999999999998 1.83767921798092e-08
2.51 7.374928681707776e-08
2.53 2.1875057661135397e-07
2.55 5.601267133781559e-07
2.57 1.2870841394465042e-06
2.59 2.9223962989435973e-06
2.61 6.322537060674697e-06
2.63 1.3062187098044917e-05
2.65 2.5992233329462364e-05
2.67 5.0246363519979235e-05
2.69 9.42987415332608e-05
2.71 0.00017249695946637078
2.73 0.0003080202177251455
2.75 0.0005376660352215519
2.77 0.0009192139627640551
2.79 0.0015412820859029026
2.81 0.002536659821951882
2.8299999999999996 0.004098888991152388
2.8499999999999996 0.0065097796309699415
2.8699999999999997 0.010166514783364056
2.8899999999999997 0.015618534306555751
2.9099999999999997 0.023609419750067927
2.9299999999999997 0.0351241591342471
2.9499999999999997 0.051431030519664425
2.9699999999999998 0.07412507948152111
2.9899999999999998 0.10514663888580333
3.01 0.14678239769613127
3.03 0.20161618019094285
3.05 0.27242842422903113
3.07 0.36203027003339205
3.09 0.47302047715160783
3.11 0.607476160049871
3.13 0.7665882911766717
3.15 0.9502771825366253
3.17 1.1568343346951229
3.19 1.3826477490516837
3.21 1.6220772232788812
3.23 1.8675336047181101
3.25 2.1098004193439848
3.27 2.338604665013955
3.29 2.543403171769416
3.31 2.7143094296678445
3.33 2.843051880682038
3.3499999999999996 2.923840057161865
3.3699999999999997 2.9540120005528907
3.3899999999999997 2.9343656107366813
3.4099999999999997 2.869124480907106
3.4299999999999997 2.7655352733221648
3.4499999999999997 2.6331574849829122
3.4699999999999998 2.4829425661061237
3.4899999999999998 2.3262291544863793
3.51 2.173779038045186
3.53 2.0349608092473317
3.55 1.917161820809873
3.57 1.8254564782401128
3.59 1.7625360802443013
3.61 1.7288638496732458
3.63 1.722998986732248
3.65 1.7420303631334055
3.67 1.7820526765581863
3.69 1.8386386360403342
3.71 1.9072532920616918
3.73 1.98359058730224
3.75 2.06381047346928
3.77 2.144679053550404
3.79 2.223609915353527
3.81 2.2986348346954437
3.83 2.3683043067476515
3.8499999999999996 2.431563037214699
3.8699999999999997 2.4876027346928353
3.8899999999999997 2.5357232347589345
3.9099999999999997 2.5752213581052334
3.9299999999999997 2.605313703692387
3.9499999999999997 2.6251061276213363
3.9699999999999998 2.6336061160087945
3.9899999999999998 2.629778197626284
4.01 2.6126299761147216
4.03 2.581314275362526
4.05 2.5352362838055504
4.07 2.474147391630287
4.09 2.3982149483717494
4.109999999999999 2.308059207695695
4.13 2.2047547511325463
4.1499999999999995 2.0897960911364155
4.17 1.965031370921521
4.1899999999999995 1.8325758906102503
4.21 1.694712533358218
4.2299999999999995 1.5537880011389857
4.25 1.4121180128219988
4.27 1.271902572265941
4.29 1.1351587183338947
4.31 1.003668709963375
4.33 0.8789452202537966
4.35 0.7622104367937579
4.37 0.6543846999108818
4.39 0.5560889575431769
4.41 0.4676526715932784
4.43 0.3891322271324416
4.45 0.32033880115761515
4.47 0.26087133621164477
4.49 0.21015520840565996
4.51 0.16748545716134525
4.53 0.13207025615812693
4.55 0.10307107564674013
4.57 0.07964113841025468
4.59 0.060957714933408846
4.61 0.046246592848386586
4.63 0.0348012273309136
4.6499999999999995 0.02599554330421636
4.67 0.019288486194355726
4.6899999999999995 0.014225148429506295
4.71 0.010431881859337775
4.7299999999999995 0.007608605593016923
4.75 0.005518772987890895
4.77 0.003979226548236011
4.79 0.0028507414808369084
4.81 0.002027735805402706
4.83 0.001431224996909309
4.85 0.0010024719158910713
4.87 0.0006975791246486089
4.89 0.0004843070803445971
4.91 0.00033920387915806807
4.93 0.0002456803703571474
4.95 0.00019257408804940256
4.97 0.0001735131869460196
4.99 0.00018642207729077697
5.01 0.0002333103645874452
5.03 0.00032103692062552234
5.05 0.00046179843326583946
5.07 0.0006748704928045694
5.09 0.0009880513559224183
5.11 0.0014410758883943123
5.13 0.0020885381756836703
5.1499999999999995 0.003004660332707467
5.17 0.004288344797341083
5.1899999999999995 0.006069226762509459
5.21 0.008514781066159624
5.2299999999999995 0.011838374779943856
5.25 0.016307265742679603
5.27 0.022250922506926903
5.29 0.030066959673323228
5.31 0.04022698193584559
5.33 0.05327868844830836
5.35 0.06984223956505424
5.37 0.09060250021119857
5.39 0.11629436411458585
5.41 0.1476808921077054
5.43 0.18552293843043163
5.45 0.2305430316442875
5.47 0.2833787754564328
5.49 0.344534618132079
5.51 0.41433070201969957
5.53 0.49285175031418466
5.55 0.579902557670237
5.57 0.6749753474969977
5.59 0.7772308980279935
5.61 0.8854998617735657
5.63 0.9983026124949504
5.6499999999999995 1.1138900344345506
5.67 1.2303027354646736
5.6899999999999995 1.3454448137211075
5.71 1.4571682028700872
5.7299999999999995 1.5633628775990982
5.75 1.662046735118818
5.77 1.751451491919906
5.79 1.8300996398272649
5.81 1.8968665537110807
5.83 1.9510245488941669
5.85 1.9922656032437045
5.87 2.020700852342248
5.89 2.0368339699259304
5.91 2.04151425154769
5.93 2.0358676986793185
5.95 2.021220020364099
5.97 1.9990080791508875
5.99 1.970698317081221
6.01 1.937709682718276
6.03 1.901351508939175
6.05 1.862777539885808
6.07 1.8229560815190176
6.09 1.7826580984968838
6.11 1.7424579224389491
6.13 1.7027464470634428
6.15 1.6637559316556996
6.17 1.625594610146271
6.1899999999999995 1.5882870859595033
6.21 1.5518212067618085
6.2299999999999995 1.516196399280509
6.25 1.4814724158947192
6.27 1.447809699052601
6.29 1.4155026446574013
6.31 1.384993421624531
6.33 1.35686972506806
6.35 1.3318457842126035
6.37 1.3107222421437705
6.39 1.2943317789349509
6.41 1.2834703288500697
6.43 1.2788203554612008
6.45 1.280871817192312
6.47 1.2898429154740334
6.49 1.305610675451887
6.51 1.3276578911355577
6.53 1.3550430779967573
6.55 1.386401243940673
6.57 1.4199790804767842
6.59 1.4537058253670203
6.61 1.4852982573766524
6.63 1.5123933513483165
6.65 1.532697628056792
6.67 1.544140019880072
6.6899999999999995 1.5450144827377708
6.71 1.534098907345913
6.7299999999999995 1.5107370921006973
6.75 1.4748782256896
6.77 1.427066901670658
6.79 1.3683932692175202
6.81 1.3004004299998344
6.83 1.2249704802871575
6.85 1.1441940627073421
6.87 1.060241312921232
6.89 0.9752450008327783
6.91 0.8912020363983275
6.93 0.8099041008947078
6.95 0.7328932268426985
6.97 0.6614442735825535
6.99 0.5965708327392303
7.01 0.5390475225963142
7.03 0.48944467527844854
7.05 0.44816757759091885
7.07 0.4154931059885895
7.09 0.39160223493486895
7.11 0.3766017761091595
7.13 0.37053660853539894
7.15 0.3733875632895005
7.17 0.3850637131064966
7.1899999999999995 0.4053833550710598
7.21 0.43405417209777253
7.2299999999999995 0.4706525620759789
7.25 0.514607725255965
7.27 0.5651916142940466
7.29 0.6215197547260104
7.31 0.682561001314929
7.33 0.7471583819233832
7.35 0.8140592768478382
7.37 0.881952456274721
7.39 0.9495090776524344
7.41 1.0154253375854267
7.43 1.0784622546615381
7.45 1.1374819557375495
7.47 1.1914779425638837
7.49 1.2395987192205373
7.51 1.281162811785925
7.53 1.3156682679439835
7.55 1.3427933966268024
7.57 1.3623914861401631
7.59 1.3744796480556036
7.61 1.3792224099428958
7.63 1.3769116919526085
7.65 1.3679429538026895
7.67 1.3527896847177554
7.6899999999999995 1.331977641973825
7.71 1.3060602595740458
7.7299999999999995 1.2755969563467733
7.75 1.2411353256140232
7.77 1.203199516809186
7.79 1.1622842185347941
7.81 1.1188531318920438
7.83 1.0733423330671072
7.85 1.0261645119220566
7.87 0.9777138448983501
7.89 0.9283695936819636
7.91 0.8784966078330635
7.93 0.8284437702906825
7.95 0.7785403958692216
7.97 0.7290940849926628
7.99 0.6803849908257108
8.01 0.632667001352566
8.03 0.5861657138547327
8.05 0.5410818706230552
8.07 0.49759198778028824
8.09 0.45585250813780176
8.11 0.4160019556007135
8.13 0.3781638950164823
8.15 0.3424487813974726
8.17 0.3089563431301889
8.19 0.2777780091061344
8.209999999999999 0.24900116722706628
8.23 0.22271354180186823
8.25 0.19900950328400074
8.27 0.17799813946517953
8.29 0.15981277036569097
8.31 0.14462196454698317
8.33 0.1326419600512941
8.35 0.12414787647196172
8.37 0.11948597473573651
8.39 0.11908274521411243
8.41 0.12344923785840833
8.43 0.13318235225568292
8.45 0.1489566601261412
8.47 0.17150970347287137
8.49 0.20161728467856574
8.51 0.24005873758746618
8.53 0.2875727380572841
8.55 0.34480510073491
8.57 0.4122496228742527
8.59 0.4901869153230915
8.61 0.5786235974612471
8.63 0.6772391647030896
8.65 0.7853455538334699
8.67 0.9018633745875813
8.69 1.0253211593730807
8.71 1.1538790995210748
8.73 1.2853783121621924
8.75 1.4174127200268365
8.77 1.547421584927417
8.79 1.6727927788100299
8.81 1.7909760858716355
8.83 1.8995909145901924
8.85 1.9965288922133726
8.87 2.0800388726159804
8.89 2.1487929277558253
8.91 2.2019278999288967
8.93 2.2390617542613054
8.95 2.2602832282799934
8.97 2.266118599740752
8.99 2.2574772730849877
9.01 2.2355829798369355
9.03 2.2018946426909847
9.05 2.1580246117691844
9.07 2.1056583806417914
9.09 2.046481070568729
9.11 1.982104026729323
9.13 1.9140340621590026
9.15 1.84361560145013
9.17 1.7720043459823298
9.19 1.7001458114634558
9.21 1.628760262134406
9.23 1.558333391894298
9.25 1.4891092579261236
9.27 1.4210916759050913
9.29 1.354052373014125
9.31 1.287554826116347
9.33 1.2209980297863283
9.35 1.1536870686359055
9.37 1.0849302925395532
9.39 1.014160303156614
9.41 0.9410629220555785
9.43 0.8656957622022649
9.45 0.788569064038081
9.47 0.7106684601856282
9.49 0.6334071606042683
9.51 0.5585080337936921
9.53 0.48783531850955536
9.55 0.4232060909571217
9.57 0.3662180293539884
9.59 0.3181223627966218
9.61 0.27976247825889233
9.63 0.25157837993266663
9.65 0.23366987960575467
9.67 0.22588327261251218
9.69 0.2279054453355703
9.71 0.2393364676938093
9.73 0.2597276906045849
9.75 0.2885796913124749
9.77 0.32530288549102954
9.79 0.36914993410257474
9.81 0.4191356381586852
9.83 0.47396022502488927
9.85 0.5319558971849959
9.87 0.5910724738771982
9.89 0.648919289371436
9.91 0.70286770204651
9.93 0.7502195029020358
9.95 0.7884001678846717
9.97 0.8152120557606386
9.99 0.8290443279277238
