0.01 0.0
0.03 0.0
0.05 0.0
0.06999999999999999 0.0
0.09 0.0
0.11 0.0
0.13 0.0
0.15000000000000002 0.0
0.17 0.0
0.19 0.0
0.21000000000000002 0.0
0.23 0.0
0.25 0.0
0.27 0.0
0.29000000000000004 0.0
0.31 0.0
0.33 0.0
0.35000000000000003 0.0
0.37 0.0
0.39 0.0
0.41000000000000003 0.0
0.43 0.0
0.45 0.0
0.47000000000000003 0.0
0.49 0.0
0.51 0.0
0.53 0.0
0.55 0.0
0.5700000000000001 0.0
0.59 0.0
0.61 0.0
0.63 0.0
0.65 0.0
0.67 0.0
0.6900000000000001 0.0
0.7100000000000001 0.0
0.73 0.0
0.75 0.0
0.77 0.0
0.79 0.0
0.81 0.0
0.8300000000000001 0.0
0.85 0.0
0.87 0.0
0.89 0.0
0.91 0.0
0.93 0.0
0.9500000000000001 0.0
0.97 0.0
0.99 0.0
1.01 0.0
1.03 0.0
1.05 0.0
1.07 0.0
1.09 0.0
1.11 0.0
1.1300000000000001 0.0
1.1500000000000001 0.0
1.17 0.0
1.19 0.0
1.21 0.0
1.23 0.0
1.25 0.0
1.27 0.0
1.29 0.0
1.31 0.0
1.33 0.0
1.35 0.0
1.37 0.0
1.3900000000000001 0.0
1.4100000000000001 0.0
1.43 0.0
1.45 0.0
1.47 0.0
1.49 0.0
1.51 0.0
1.53 0.0
1.55 0.0
1.57 0.0
1.59 0.0
1.61 0.0
1.6300000000000001 0.0
1.6500000000000001 0.0
1.6700000000000002 0.0
1.69 0.0
1.71 0.0
1.73 0.0
1.75 0.0
1.77 0.0
1.79 0.0
1.81 0.0
1.83 0.0
1.85 0.0
1.87 0.0
1.8900000000000001 0.0
1.9100000000000001 0.0
1.93 0.0
1.95 0.0
1.97 0.0
1.99 0.0
2.01 0.0
2.03 0.0
2.05 0.0
2.07 0.0
2.09 0.0
2.11 0.0
2.13 0.0
2.15 0.0
2.17 0.0
2.19 0.0
2.21 0.0
2.23 0.0
2.25 0.0
2.27 0.0
2.29 0.0
2.31 0.0
2.3299999999999996 0.0
2.3499999999999996 0.0
2.3699999999999997 0.0
2.3899999999999997 0.0
2.4099999999999997 0.0
2.4299999999999997 0.0
2.4499999999999997 3.2490719341941584e-09
2.4699999999999998 1.5097626976988514e-08
2.4899999999999998 4.654768805073281e-08
2.51 1.1469691758315098e-07
2.53 2.755330355435063e-07
2.55 6.638240738406008e-07
2.57 1.4499682345020075e-06
2.59 3.1227188081898783e-06
2.61 6.46331784133894e-06
2.63 1.2920090803551518e-05
2.65 2.5142852180679417e-05
2.67 4.771485207375125e-05
2.69 8.829856393592614e-05
2.71 0.00015991400639462126
2.73 0.0002837344178045158
2.75 0.0004939194564326139
2.77 0.0008442422447455628
2.79 0.0014172599090846293
2.81 0.0023385617124997496
2.8299999999999996 0.0037945409652399235
2.8499999999999996 0.006056977453719668
2.8699999999999997 0.00951301655827086
2.8899999999999997 0.01470543818802376
2.9099999999999997 0.022374599133821928
2.9299999999999997 0.033510497539578424
2.9499999999999997 0.049401230676716305
2.9699999999999998 0.07167366766287615
2.9899999999999998 0.10232086290993582
3.01 0.14369713902398468
3.03 0.19846601300569353
3.05 0.2694919103771154
3.07 0.35965582384388606
3.09 0.4715990144695707
3.11 0.6073939717214806
3.13 0.7681676182505838
3.15 0.9537110239685261
3.17 1.1621270752964716
3.19 1.389575512158876
3.21 1.6301775474149247
3.23 1.8761331154493541
3.25 2.118078428895653
3.27 2.3456862356993606
3.29 2.5484656838130095
3.31 2.716684715736379
3.33 2.8423090154311956
3.3499999999999996 2.919833503722538
3.3699999999999997 2.9468925780511555
3.3899999999999997 2.924556088279091
3.4099999999999997 2.857266686688572
3.4299999999999997 2.7524233629134813
3.4499999999999997 2.619666037659003
3.4699999999999998 2.4699577623508455
3.4899999999999998 2.3145877317983525
3.51 2.1642160527550898
3.53 2.028066752679712
3.55 1.913346384792789
3.57 1.8249255851090012
3.59 1.7652789865593785
3.61 1.7346565963690397
3.63 1.7314246567747895
3.65 1.7525155253225235
3.67 1.7939184423340204
3.69 1.851154403520046
3.71 1.9196884434178147
3.73 1.9952604464689259
3.75 2.0741085005182276
3.77 2.1530959592470738
3.79 2.2297468802326224
3.81 2.30220375418513
3.83 2.3691349500631236
3.8499999999999996 2.429608164045648
3.8699999999999997 2.4829485274790906
3.8899999999999997 2.528606362758589
3.9099999999999997 2.566040201816682
3.9299999999999997 2.594634360869123
3.9499999999999997 2.613652379264265
3.9699999999999998 2.6222303141661114
3.9899999999999998 2.6194086016105635
4.01 2.604198876746164
4.03 2.5756738918913302
4.05 2.5330720019312953
4.07 2.475904084719437
4.09 2.4040454549732537
4.109999999999999 2.3178053073976015
4.13 2.217961955605772
4.1499999999999995 2.105758928952293
4.17 1.9828641057935688
4.1899999999999995 1.85129489848348
4.21 1.7133215722422668
4.2299999999999995 1.5713566720052317
4.25 1.4278437475808452
4.27 1.2851549208052466
4.29 1.1455039627345949
4.31 1.0108758087000693
4.33 0.8829758617717647
4.35 0.7631969962883413
4.37 0.6526015047682303
4.39 0.5519161180008886
4.41 0.46154161889973294
4.43 0.3815698920115601
4.45 0.31181394091814135
4.47 0.25184532978834
4.49 0.2010383666489224
4.51 0.15861978741299992
4.53 0.123719766994543
4.55 0.09541971072501519
4.57 0.07279732001763974
4.59 0.05496444127312814
4.61 0.041095616167259326
4.63 0.03044788688179955
4.6499999999999995 0.02237157289288584
4.67 0.016314317803976873
4.6899999999999995 0.011817840094712985
4.71 0.008510520578828321
4.7299999999999995 0.006097531065526845
4.75 0.004349407670354289
4.77 0.0030903770888463344
4.79 0.002188270127828485
4.81 0.0015449974754753707
4.83 0.0010880372369788892
4.85 0.0007649808387272227
4.87 0.0005379030205110317
4.89 0.0003795117283127352
4.91 0.00027062284476336965
4.93 0.000198031803947102
4.95 0.00015318431387492453
4.97 0.00013125156210110826
4.99 0.00013072547089240013
5.01 0.00015349527325757517
5.03 0.00020521127610254955
5.05 0.00029613078857298553
5.07 0.00044250315848887075
5.09 0.0006684732343480417
5.11 0.0010085431652990548
5.13 0.0015111976416765608
5.1499999999999995 0.002243143624812459
5.17 0.00329431025414384
5.1899999999999995 0.0047841565117356785
5.21 0.006869258338716367
5.2299999999999995 0.009751062897308965
5.25 0.013684792918005173
5.27 0.018987440371318613
5.29 0.02604645361806544
5.31 0.03532584884783328
5.33 0.04736965895104705
5.35 0.06280172488075304
5.37 0.08231990103774957
5.39 0.1066846761375953
5.41 0.13669801595698394
5.43 0.17317616576823344
5.45 0.21691248380337866
5.47 0.2686332138389163
5.49 0.32894541921409703
5.51 0.39828287477562885
5.53 0.476848482082928
5.55 0.5645624101839747
5.57 0.6610173642399491
5.59 0.7654473976578525
5.61 0.8767153425130289
5.63 0.9933207704665382
5.6499999999999995 1.1134327277078737
5.67 1.2349443531794968
5.6899999999999995 1.3555508492471444
5.71 1.472844215349611
5.7299999999999995 1.5844195196255348
5.75 1.6879876339992932
5.77 1.7814859630449704
5.79 1.8631788821114565
5.81 1.9317426267709599
5.83 1.986325980847395
5.85 2.026583013332444
5.87 2.0526752262684993
5.89 2.0652401406154244
5.91 2.065333767497638
5.93 2.0543468443055164
5.95 2.0339056889543103
5.97 2.005765247382784
5.99 1.9717030391632342
6.01 1.9334219313103445
6.03 1.8924684126888038
6.05 1.8501706986536617
6.07 1.807599968442186
6.09 1.7655542990937951
6.11 1.7245639542923903
6.13 1.684916852785374
6.15 1.6467004899347086
6.17 1.6098538172919303
6.1899999999999995 1.5742288458079405
6.21 1.5396522157103554
6.2299999999999995 1.5059870005909008
6.25 1.4731856455047339
6.27 1.441333264207184
6.29 1.4106761707954738
6.31 1.3816343758481289
6.33 1.354793714340517
6.35 1.3308823502361224
6.37 1.3107256109058312
6.39 1.2951868992488231
6.41 1.2850943876551306
6.43 1.281158653864391
6.45 1.2838880509236241
6.47 1.2935058300180609
6.49 1.3098804738054617
6.51 1.3324728730405215
6.53 1.3603111373333547
6.55 1.3919975855623257
6.57 1.4257496309809434
6.59 1.4594773504412464
6.61 1.4908927495955544
6.63 1.5176421727757283
6.65 1.5374545032294642
6.67 1.548289666490104
6.6899999999999995 1.5484762030523742
6.71 1.5368259142193774
6.7299999999999995 1.5127113844228894
6.75 1.476104688449592
6.77 1.4275691086359368
6.79 1.36820827373668
6.81 1.2995778765665977
6.83 1.2235701671623929
6.85 1.1422837243860418
6.87 1.057892633369568
6.89 0.9725253035479052
6.91 0.8881667964378572
6.93 0.8065866022024379
6.95 0.7292978660326992
6.97 0.6575435239844011
6.99 0.5923077144033604
7.01 0.53434248780548
7.03 0.4842061968557178
7.05 0.4423047256895323
7.07 0.40892843895381903
7.09 0.38428347068120744
7.11 0.36851149683729484
7.13 0.3616982969714664
7.15 0.36387170716887635
7.17 0.3749885888961272
7.1899999999999995 0.3949164991525373
7.21 0.4234098953230043
7.2299999999999995 0.46008820996518035
7.25 0.5044160772182122
7.27 0.5556910603148605
7.29 0.6130409807157002
7.31 0.6754311792145091
7.33 0.7416837606665749
7.35 0.8105063735645055
7.37 0.8805296378138185
7.39 0.9503504616496903
7.41 1.0185783985937071
7.43 1.083881314933094
7.45 1.1450290995773946
7.47 1.200930531893425
7.49 1.2506643876567751
7.51 1.2935004995172146
7.53 1.328911691677916
7.55 1.356575562313916
7.57 1.376367440432309
7.59 1.3883439225565317
7.61 1.3927199342922485
7.63 1.3898412116702907
7.65 1.3801540636756577
7.67 1.3641752532713258
7.6899999999999995 1.3424636351372348
7.71 1.3155960079912488
7.7299999999999995 1.2841466308517018
7.75 1.2486735891839449
7.77 1.20970907095772
7.79 1.1677549897853006
7.81 1.1232825426965372
7.83 1.076734283555686
7.85 1.0285283524476414
7.87 0.9790620219724802
7.89 0.9287163136387602
7.91 0.8778579494516127
7.93 0.8268406963931294
7.95 0.776004905307603
7.97 0.7256754017894945
7.99 0.6761590379275975
8.01 0.6277408677856926
8.03 0.5806810999830496
8.05 0.5352108320931376
8.07 0.4915301067020282
8.09 0.4498059308548769
8.11 0.41017217749855944
8.13 0.37273107480631695
8.15 0.3375565073354414
8.17 0.304699716497414
8.19 0.27419648626436854
8.209999999999999 0.24607569937700877
8.23 0.22036899572109556
8.25 0.197122289898973
8.27 0.1764064687865262
8.29 0.1583296547289385
8.31 0.1430488936778676
8.33 0.1307815270238458
8.35 0.1218167110834676
8.37 0.1165245443616732
8.39 0.11536310063032504
8.41 0.11888190841613028
8.43 0.1277200825547484
8.45 0.14259738957707122
8.47 0.1642973723310219
8.49 0.19364110142280178
8.51 0.2314508573156368
8.53 0.2785045654535244
8.55 0.3354823832225215
8.57 0.40290643766358847
8.59 0.4810792158787246
8.61 0.5700231104122835
8.63 0.6694265665883214
8.65 0.7786027614310239
8.67 0.8964645979811902
8.69 1.0215218151206926
8.71 1.1519023925708416
8.73 1.2853992260123646
8.75 1.419541319362767
8.77 1.5516864726659056
8.79 1.6791287780900666
8.81 1.7992150320394837
8.83 1.9094620813872738
8.85 2.0076666080523946
8.87 2.0919999645846064
8.89 2.1610823527003706
8.91 2.2140306504323553
8.93 2.2504776503536874
8.95 2.270563002014663
8.97 2.2748953834945285
8.99 2.264491934733328
9.01 2.2407001295326086
9.03 2.2051084785239943
9.05 2.159453126722878
9.07 2.105528872130966
9.09 2.0451067103984353
9.11 1.9798559143449719
9.13 1.911310442218598
9.15 1.840812081738809
9.17 1.7694869210933808
9.19 1.6982297256323422
9.21 1.6276944144080108
9.23 1.5582911197759437
9.25 1.4901854484677703
9.27 1.4233026794547161
9.29 1.3573392224443739
9.31 1.2917874013405373
9.33 1.2259806938430369
9.35 1.1591655706736643
9.37 1.0906022786577763
9.39 1.0196900387242482
9.41 0.9461009186986559
9.43 0.8699024679730125
9.45 0.7916410347872119
9.47 0.7123633424786403
9.49 0.633563416102849
9.51 0.5570570394723944
9.53 0.4848028429035888
9.55 0.41870414924632743
9.57 0.3604276236533973
9.59 0.31127097857992475
9.61 0.27209844133089683
9.63 0.24334875189624308
9.65 0.22510054038014451
9.67 0.21716756083787458
9.69 0.21919851162477022
9.71 0.23075627281523273
9.73 0.2513620395515903
9.75 0.2804956296592581
9.77 0.31755632747166396
9.79 0.3617946443323324
9.81 0.4122280241880577
9.83 0.46755936852517693
9.85 0.5261187617207125
9.87 0.5858456587315044
9.89 0.6443269708762177
9.91 0.6989016830782971
9.93 0.7468305836170823
9.95 0.7854950320752774
9.97 0.8126563866141011
9.99 0.826672057719903
